"","descriptor1","descriptor2","party1","party2","party3","party4","party5","party6","party7","party8","party9","party10","party11","party12","party13","party14","party15","party16","party17","party18","party19","party20","party21","party22","party23","party24","party25","party26","party27","party28","party29","party30","party31","party32"
"1",0,0,1,2,3,4,5,8,7,6,9,10,11,13,12,15,20,16,32,14,19,28,31,24,25,29,30,17,22,18,26,27,23,21
"2",1,0,1,2,3,5,4,8,6,9,7,27,16,10,11,13,14,31,12,15,32,29,17,25,23,30,22,24,28,18,26,19,21,20
"3",0,0,1,2,3,4,5,7,6,9,11,29,8,17,13,10,12,32,14,31,18,30,16,27,21,19,15,24,20,26,22,28,23,25
"4",1,1,32,1,2,3,4,5,6,7,8,9,10,11,12,13,14,15,16,17,18,19,20,21,22,23,24,25,26,27,28,29,30,31
"5",0,0,1,2,3,4,5,6,11,8,7,9,32,14,12,13,10,17,15,23,29,24,31,30,28,16,25,27,19,18,26,22,21,20
"6",0,1,2,1,3,4,5,7,6,8,9,18,11,15,10,13,14,16,12,31,17,19,30,32,29,20,26,21,28,22,27,25,23,24
"7",0,1,1,2,4,3,5,6,7,9,8,12,10,32,31,11,13,15,24,30,16,14,17,27,19,29,26,18,22,28,20,25,21,23
"8",0,1,2,1,3,4,5,6,7,10,8,29,30,9,11,32,28,31,13,17,12,14,15,26,24,18,16,23,22,27,19,20,25,21
"9",1,1,32,1,2,3,4,5,6,7,8,9,10,11,12,13,14,15,16,17,18,19,20,21,22,23,24,25,26,27,28,29,30,31
"10",0,0,1,2,3,4,5,6,7,32,9,10,8,11,14,12,13,31,15,30,16,22,17,25,20,28,18,19,27,26,29,23,21,24
"11",0,1,1,2,3,4,5,7,6,9,8,11,15,10,32,12,16,30,14,23,13,31,20,27,22,29,17,26,21,18,28,24,19,25
"12",0,0,1,2,3,4,7,6,5,8,9,11,32,13,12,10,31,15,14,16,26,30,18,28,21,27,29,23,19,20,17,22,25,24
"13",1,1,32,1,2,3,4,5,6,7,8,9,10,11,12,13,14,15,16,17,18,19,20,21,22,23,24,25,26,27,28,29,30,31
"14",1,0,1,2,3,4,5,6,8,7,9,32,31,12,15,10,20,11,18,13,14,29,27,30,16,17,26,22,25,28,23,19,24,21
"15",1,1,32,1,2,3,4,5,6,7,8,9,10,11,12,13,14,15,16,17,18,19,20,21,22,23,24,25,26,27,28,29,30,31
"16",1,0,1,2,4,3,5,6,7,9,8,11,12,10,13,28,32,15,14,31,27,30,29,16,17,19,26,22,23,20,24,25,21,18
"17",0,1,1,2,3,4,6,5,7,8,20,9,11,10,13,12,23,16,15,32,14,27,17,19,18,28,21,22,31,24,30,25,26,29
"18",0,1,1,2,3,4,5,6,7,10,8,9,13,11,12,15,18,30,16,32,14,21,17,20,19,29,31,22,24,25,28,26,27,23
"19",1,1,32,1,2,3,4,5,6,7,8,9,10,11,12,13,14,15,16,17,18,19,20,21,22,23,24,25,26,27,28,29,30,31
"20",1,1,32,1,2,3,4,5,6,7,8,9,10,11,12,13,14,15,16,17,18,19,20,21,22,23,24,25,26,27,28,29,30,31
"21",1,1,32,1,2,3,4,5,6,7,8,9,10,11,12,13,14,15,16,17,18,19,20,21,22,23,24,25,26,27,28,29,30,31
"22",0,1,1,2,3,5,4,6,8,14,7,13,28,9,10,17,15,12,30,32,31,18,25,24,16,11,20,19,29,23,27,21,26,22
"23",1,0,1,2,3,4,6,7,5,12,8,14,13,9,32,10,11,15,16,31,28,27,26,23,30,20,29,21,24,17,25,18,22,19
"24",1,1,32,1,2,3,4,5,6,7,8,9,10,11,12,13,14,15,16,17,18,19,20,21,22,23,24,25,26,27,28,29,30,31
"25",0,1,2,1,3,4,7,12,5,6,29,32,10,8,9,11,14,30,13,15,18,16,31,23,28,17,25,20,26,27,19,21,24,22
"26",0,1,1,2,3,4,5,25,7,6,11,8,31,9,10,15,13,12,30,32,28,17,29,14,16,18,27,26,23,24,22,20,19,21
"27",1,1,32,1,2,3,4,5,6,7,8,9,10,11,12,13,14,15,16,17,18,19,20,21,22,23,24,25,26,27,28,29,30,31
"28",0,0,1,3,2,4,5,6,7,9,8,10,14,11,12,17,13,15,19,32,22,16,23,20,27,28,21,18,24,31,29,25,30,26
"29",1,1,32,1,2,3,4,5,6,7,8,9,10,11,12,13,14,15,16,17,18,19,20,21,22,23,24,25,26,27,28,29,30,31
"30",1,1,32,1,2,3,4,5,6,7,8,9,10,11,12,13,14,15,16,17,18,19,20,21,22,23,24,25,26,27,28,29,30,31
"31",0,1,1,2,3,6,5,4,7,10,9,11,14,15,12,8,13,17,16,28,32,18,19,24,29,31,27,20,30,26,21,23,22,25
"32",1,1,32,1,2,3,4,5,6,7,8,9,10,11,12,13,14,15,16,17,18,19,20,21,22,23,24,25,26,27,28,29,30,31
"33",1,0,1,2,3,4,7,11,5,6,8,9,32,12,10,18,29,31,19,16,13,24,14,25,30,27,28,17,26,15,23,22,21,20
"34",0,1,1,2,5,7,3,4,6,10,11,9,8,12,14,32,13,15,26,16,18,25,31,29,17,27,30,20,28,23,19,24,21,22
"35",0,0,1,2,3,4,7,8,5,21,9,6,10,15,12,11,14,23,13,17,29,16,19,20,18,28,32,30,31,27,26,25,24,22
"36",1,1,32,1,2,3,4,5,6,7,8,9,10,11,12,13,14,15,16,17,18,19,20,21,22,23,24,25,26,27,28,29,30,31
"37",0,1,1,2,3,5,7,4,6,8,10,9,32,15,13,11,14,12,30,18,19,31,16,20,17,25,28,26,21,24,27,23,22,29
"38",1,0,1,2,3,4,5,27,12,6,8,7,32,9,10,31,15,14,11,17,18,19,20,29,30,21,26,13,16,22,25,28,23,24
"39",1,0,1,2,3,4,8,5,6,10,7,31,12,9,30,11,14,32,27,17,29,13,15,18,28,16,24,25,26,23,22,19,21,20
"40",0,1,1,2,4,3,5,6,9,15,7,8,12,10,11,14,16,29,32,13,24,31,30,28,19,23,17,18,20,27,26,21,25,22
"41",0,0,1,2,3,5,6,4,7,8,10,31,14,9,13,11,12,32,15,29,17,28,30,16,22,21,18,23,26,25,20,19,27,24
"42",0,0,1,2,4,3,5,8,6,7,9,31,26,32,10,11,24,14,12,17,16,13,22,19,15,30,27,28,29,23,21,25,20,18
"43",1,0,2,1,3,4,5,8,6,9,7,30,31,11,10,12,14,32,13,25,18,16,15,27,29,24,17,23,26,28,20,19,21,22
"44",0,1,1,2,3,5,4,6,31,9,7,12,8,10,11,15,32,13,17,24,26,14,20,16,18,25,23,29,27,19,22,21,30,28
"45",0,0,1,2,3,4,6,5,8,7,11,9,10,28,12,32,18,13,14,31,15,30,19,27,16,17,21,23,22,29,26,25,20,24
"46",0,0,1,2,3,4,5,7,8,10,6,14,13,11,16,9,12,30,15,22,18,17,23,32,19,26,31,20,21,24,27,25,28,29
"47",0,0,1,2,5,3,4,6,8,7,11,10,9,32,14,12,30,15,22,13,17,18,16,25,31,27,29,26,24,19,21,23,20,28
"48",1,1,32,1,2,3,4,5,6,7,8,9,10,11,12,13,14,15,16,17,18,19,20,21,22,23,24,25,26,27,28,29,30,31
"49",1,1,32,1,2,3,4,5,6,7,8,9,10,11,12,13,14,15,16,17,18,19,20,21,22,23,24,25,26,27,28,29,30,31
"50",0,1,1,2,4,3,6,5,7,9,8,12,15,10,11,30,32,13,31,14,21,16,19,29,22,20,27,17,18,25,28,23,24,26
"51",0,0,1,2,3,4,5,6,8,7,32,14,9,11,24,12,10,13,31,30,15,29,16,28,17,27,19,25,26,22,23,18,20,21
"52",0,0,1,2,3,5,4,6,7,10,8,12,9,14,11,30,31,13,32,16,18,19,15,28,26,22,17,29,25,27,24,20,23,21
"53",1,0,1,3,2,4,7,5,6,10,9,8,13,14,28,16,32,11,12,18,15,19,24,17,31,21,30,20,25,29,23,22,27,26
"54",1,0,1,2,3,4,5,6,8,7,10,32,9,31,11,15,13,12,16,18,14,30,23,19,29,27,17,28,25,26,21,20,22,24
"55",1,0,1,2,3,4,5,6,7,10,8,9,11,12,31,32,13,14,28,29,27,15,16,30,20,25,26,17,24,21,18,19,22,23
"56",0,1,1,2,3,4,8,5,6,7,9,10,12,11,14,23,16,29,13,15,20,18,31,28,30,19,32,17,25,27,22,26,24,21
"57",0,1,1,4,3,2,6,5,9,11,8,7,14,10,12,17,16,32,15,18,30,19,28,20,23,25,13,27,22,26,31,24,29,21
"58",0,0,2,1,3,4,7,6,5,8,12,11,32,10,9,30,31,14,13,29,16,15,28,19,25,27,22,26,17,20,21,18,23,24
"59",1,1,32,1,2,3,4,5,6,7,8,9,10,11,12,13,14,15,16,17,18,19,20,21,22,23,24,25,26,27,28,29,30,31
"60",0,1,2,1,3,4,5,7,8,6,10,11,9,12,13,18,14,15,30,16,32,31,17,26,28,27,20,29,22,23,21,25,24,19
"61",1,1,32,1,2,3,4,5,6,7,8,9,10,11,12,13,14,15,16,17,18,19,20,21,22,23,24,25,26,27,28,29,30,31
"62",1,0,1,2,5,4,6,3,8,7,9,20,11,10,16,32,15,14,13,31,22,12,23,30,18,19,29,24,17,28,21,26,27,25
"63",0,0,1,2,3,4,5,9,6,32,12,7,10,8,13,14,29,11,16,17,31,15,18,28,30,22,19,26,21,25,23,27,20,24
"64",1,1,32,1,2,3,4,5,6,7,8,9,10,11,12,13,14,15,16,17,18,19,20,21,22,23,24,25,26,27,28,29,30,31
"65",1,1,32,1,2,3,4,5,6,7,8,9,10,11,12,13,14,15,16,17,18,19,20,21,22,23,24,25,26,27,28,29,30,31
"66",0,0,1,2,3,4,5,6,8,12,7,9,31,29,14,10,13,32,11,16,15,24,28,30,18,22,17,26,20,21,27,25,19,23
"67",0,1,1,2,5,3,4,32,7,8,6,14,9,11,10,15,12,17,21,18,13,16,23,19,31,26,22,20,30,24,25,28,29,27
"68",1,0,1,2,3,6,4,8,5,7,9,15,10,12,29,11,13,16,14,32,28,23,18,20,17,27,31,30,19,22,25,26,21,24
"69",0,0,1,2,3,4,7,5,6,9,8,10,11,14,13,15,12,30,16,29,32,18,31,17,21,19,27,26,25,28,22,24,23,20
"70",0,0,1,2,3,5,4,8,10,9,7,6,31,32,12,11,13,29,30,26,28,19,27,14,22,15,23,24,25,16,17,21,18,20
"71",1,0,1,3,2,4,6,5,9,7,27,32,25,8,29,11,30,14,31,10,23,20,12,13,18,26,16,28,22,15,24,17,21,19
"72",1,0,2,1,3,4,7,5,8,9,6,30,13,10,12,27,15,11,32,16,29,31,28,18,24,14,20,26,17,25,19,21,23,22
"73",1,0,2,1,3,4,5,6,9,7,8,11,10,14,15,13,23,12,21,16,24,17,32,18,30,25,31,20,22,19,29,27,26,28
"74",1,1,32,1,2,3,4,5,6,7,8,9,10,11,12,13,14,15,16,17,18,19,20,21,22,23,24,25,26,27,28,29,30,31
"75",1,0,1,2,4,3,5,7,6,30,8,11,31,9,16,27,12,10,32,28,29,25,15,17,13,14,26,19,20,18,21,24,22,23
"76",0,0,1,2,3,4,6,5,7,9,8,10,26,32,11,12,27,31,30,13,17,28,29,25,18,15,21,14,23,20,24,22,19,16
"77",0,0,1,2,3,4,5,6,7,8,32,11,14,9,10,12,28,31,15,24,13,20,27,19,18,16,17,23,30,29,21,26,22,25
"78",0,0,1,2,3,4,6,5,9,8,7,11,10,13,15,12,32,14,28,21,17,16,20,18,19,31,22,30,24,25,27,26,23,29
"79",1,0,1,2,4,3,5,6,9,7,8,14,11,10,13,12,30,32,31,29,17,16,28,21,22,15,25,19,20,18,24,27,23,26
"80",1,1,32,1,2,3,4,5,6,7,8,9,10,11,12,13,14,15,16,17,18,19,20,21,22,23,24,25,26,27,28,29,30,31
"81",0,1,1,2,6,3,5,4,7,10,9,8,31,28,25,11,32,30,27,26,13,12,29,17,24,15,18,22,14,21,16,23,20,19
"82",1,0,1,3,2,4,6,5,8,9,7,10,14,11,12,13,30,32,31,19,29,28,17,26,16,27,18,15,25,24,23,22,20,21
"83",0,0,1,2,3,5,4,7,6,11,8,9,13,32,31,12,15,10,18,17,14,26,27,16,29,21,30,28,24,20,25,19,23,22
"84",0,0,1,2,3,4,5,14,8,6,7,9,32,13,11,12,21,10,18,15,19,16,31,24,17,25,20,23,22,29,30,28,27,26
"85",0,0,1,2,3,4,6,5,7,11,8,32,10,9,12,24,25,13,14,30,26,31,29,19,18,28,16,15,22,27,17,23,21,20
"86",0,1,1,2,4,3,5,7,8,6,10,9,16,12,29,13,11,32,14,15,31,30,18,22,28,17,24,19,20,25,23,21,27,26
"87",0,0,1,2,3,5,4,6,9,11,7,8,10,12,13,18,30,14,15,20,19,24,17,31,16,21,22,25,23,32,27,29,26,28
"88",1,1,32,1,2,3,4,5,6,7,8,9,10,11,12,13,14,15,16,17,18,19,20,21,22,23,24,25,26,27,28,29,30,31
"89",1,1,32,1,2,3,4,5,6,7,8,9,10,11,12,13,14,15,16,17,18,19,20,21,22,23,24,25,26,27,28,29,30,31
"90",0,0,1,2,3,5,4,6,7,11,8,10,9,14,26,13,12,27,15,32,28,18,16,29,30,31,20,24,17,22,19,21,23,25
"91",1,0,1,2,3,5,6,4,12,9,7,8,11,32,15,13,14,21,31,10,17,28,18,30,19,22,16,29,27,24,20,26,25,23
"92",0,0,2,1,4,3,5,6,8,9,7,15,32,16,10,11,12,19,14,13,18,17,25,31,29,26,21,27,24,30,28,20,22,23
"93",1,1,32,1,2,3,4,5,6,7,8,9,10,11,12,13,14,15,16,17,18,19,20,21,22,23,24,25,26,27,28,29,30,31
"94",1,0,1,2,3,4,5,9,6,8,7,13,11,10,12,14,32,30,28,31,15,16,26,25,27,21,29,20,23,19,22,18,24,17
"95",1,0,1,2,3,4,6,5,7,12,14,9,10,8,11,25,32,13,23,30,15,26,31,27,18,24,16,19,28,29,22,20,17,21
"96",0,1,1,2,3,4,5,6,7,9,32,10,8,11,30,14,18,24,27,12,31,13,16,17,15,21,26,28,29,19,22,20,23,25
"97",1,1,32,1,2,3,4,5,6,7,8,9,10,11,12,13,14,15,16,17,18,19,20,21,22,23,24,25,26,27,28,29,30,31
"98",1,0,2,1,3,4,6,5,12,7,9,16,8,10,11,29,13,19,32,31,14,30,17,22,18,15,27,28,21,20,24,25,26,23
"99",1,1,32,1,2,3,4,5,6,7,8,9,10,11,12,13,14,15,16,17,18,19,20,21,22,23,24,25,26,27,28,29,30,31
"100",1,0,1,2,3,5,4,7,6,10,8,9,11,12,13,16,32,21,14,19,15,17,31,28,22,25,18,30,20,24,29,23,27,26
"101",1,0,1,2,3,4,5,6,7,13,8,9,14,10,12,31,11,32,29,16,18,15,26,17,20,30,25,27,28,19,21,22,24,23
"102",1,0,1,2,3,4,5,7,6,8,9,10,12,11,13,32,15,19,30,21,25,14,16,27,29,22,20,31,28,18,17,24,26,23
"103",1,0,1,2,4,3,5,7,6,10,9,8,11,17,15,12,14,32,23,13,25,16,31,18,19,20,27,22,29,24,21,26,30,28
"104",1,1,32,1,2,3,4,5,6,7,8,9,10,11,12,13,14,15,16,17,18,19,20,21,22,23,24,25,26,27,28,29,30,31
"105",0,0,1,2,3,4,6,5,7,8,9,11,27,10,32,16,13,12,30,15,19,14,24,17,18,21,25,20,22,31,29,26,28,23
"106",0,1,1,2,3,5,4,8,6,7,9,12,10,14,31,11,15,32,13,25,20,19,23,28,27,30,17,29,16,18,26,22,24,21
"107",0,1,1,2,3,5,7,4,8,6,9,10,11,14,31,15,28,12,13,32,16,30,18,23,19,21,17,27,29,26,20,22,25,24
"108",1,1,32,1,2,3,4,5,6,7,8,9,10,11,12,13,14,15,16,17,18,19,20,21,22,23,24,25,26,27,28,29,30,31
"109",0,1,1,2,4,3,7,5,6,8,9,11,10,12,13,14,20,32,28,31,18,17,19,15,21,16,29,23,27,30,22,24,25,26
"110",1,1,32,1,2,3,4,5,6,7,8,9,10,11,12,13,14,15,16,17,18,19,20,21,22,23,24,25,26,27,28,29,30,31
"111",1,1,32,1,2,3,4,5,6,7,8,9,10,11,12,13,14,15,16,17,18,19,20,21,22,23,24,25,26,27,28,29,30,31
"112",0,0,1,2,3,9,7,4,6,5,8,10,12,15,32,16,13,31,14,11,19,30,18,17,29,26,28,22,21,24,27,23,25,20
"113",0,0,1,2,3,4,5,6,7,8,11,9,10,12,14,15,13,32,17,28,20,30,18,31,22,23,16,19,29,21,26,27,25,24
"114",0,1,1,2,3,4,5,6,7,13,8,10,11,9,30,26,32,14,31,15,12,20,18,17,22,19,28,16,23,29,21,27,24,25
"115",0,0,1,2,4,3,6,5,7,8,9,10,11,32,31,12,13,15,21,24,30,18,16,17,14,29,19,28,26,27,20,22,25,23
"116",1,1,32,1,2,3,4,5,6,7,8,9,10,11,12,13,14,15,16,17,18,19,20,21,22,23,24,25,26,27,28,29,30,31
"117",1,1,32,1,2,3,4,5,6,7,8,9,10,11,12,13,14,15,16,17,18,19,20,21,22,23,24,25,26,27,28,29,30,31
"118",1,0,1,2,4,3,6,5,7,8,9,10,11,31,21,32,13,12,14,30,25,29,27,22,28,15,16,18,17,24,26,20,23,19
"119",1,0,1,2,3,5,4,6,7,8,10,16,12,13,9,15,32,17,14,11,19,31,20,30,18,21,24,29,28,27,23,22,26,25
"120",0,1,1,3,2,4,7,5,6,15,8,32,9,10,12,11,25,14,19,28,31,30,23,16,13,17,29,27,20,24,21,18,26,22
"121",1,1,32,1,2,3,4,5,6,7,8,9,10,11,12,13,14,15,16,17,18,19,20,21,22,23,24,25,26,27,28,29,30,31
"122",1,0,1,2,3,4,5,6,7,8,10,14,9,11,12,32,15,13,17,29,16,31,21,30,22,18,19,25,28,24,20,23,27,26
"123",1,1,32,1,2,3,4,5,6,7,8,9,10,11,12,13,14,15,16,17,18,19,20,21,22,23,24,25,26,27,28,29,30,31
"124",1,1,32,1,2,3,4,5,6,7,8,9,10,11,12,13,14,15,16,17,18,19,20,21,22,23,24,25,26,27,28,29,30,31
"125",0,0,1,2,3,4,6,5,10,9,7,8,11,14,12,29,30,18,32,28,13,19,17,31,15,16,27,21,22,25,20,24,26,23
"126",0,0,1,2,3,4,5,6,7,9,8,20,10,11,18,12,13,31,14,16,32,23,17,25,26,27,15,29,19,22,21,28,24,30
"127",0,0,1,2,3,6,4,8,5,29,16,9,7,11,10,12,17,30,13,14,21,19,18,15,32,31,20,26,27,28,25,24,23,22
"128",1,1,32,1,2,3,4,5,6,7,8,9,10,11,12,13,14,15,16,17,18,19,20,21,22,23,24,25,26,27,28,29,30,31
"129",1,1,32,1,2,3,4,5,6,7,8,9,10,11,12,13,14,15,16,17,18,19,20,21,22,23,24,25,26,27,28,29,30,31
"130",0,1,1,2,4,3,5,9,11,7,6,8,10,12,13,16,32,14,23,18,15,25,17,31,30,26,21,22,29,19,20,28,24,27
"131",1,0,1,2,3,5,4,6,8,7,12,10,14,9,11,21,32,13,19,15,18,20,31,29,30,16,17,24,22,26,23,25,28,27
"132",0,0,1,2,4,3,6,5,8,12,9,7,13,11,10,15,18,14,32,16,30,17,21,19,31,28,26,25,29,24,20,23,27,22
"133",1,0,1,2,3,4,6,5,7,8,10,32,9,11,13,17,12,14,16,15,31,27,22,19,21,24,30,28,29,18,20,26,23,25
"134",1,1,32,1,2,3,4,5,6,7,8,9,10,11,12,13,14,15,16,17,18,19,20,21,22,23,24,25,26,27,28,29,30,31
"135",1,0,1,2,3,4,5,7,6,8,9,16,32,13,11,10,31,12,15,26,30,28,17,14,29,19,27,23,25,18,20,24,22,21
"136",1,1,32,1,2,3,4,5,6,7,8,9,10,11,12,13,14,15,16,17,18,19,20,21,22,23,24,25,26,27,28,29,30,31
"137",1,1,32,1,2,3,4,5,6,7,8,9,10,11,12,13,14,15,16,17,18,19,20,21,22,23,24,25,26,27,28,29,30,31
"138",0,0,2,1,3,4,5,6,7,9,8,32,11,10,17,31,13,12,14,16,22,29,28,25,15,24,18,21,30,23,19,20,26,27
"139",0,1,1,2,4,3,6,5,9,7,11,10,8,14,13,12,18,15,31,16,17,25,32,22,19,30,21,28,20,24,26,29,27,23
"140",1,0,1,2,5,3,4,8,6,7,9,10,11,12,19,17,13,27,16,31,15,32,20,14,30,18,29,28,26,25,22,21,24,23
"141",1,0,1,2,3,4,5,7,6,11,8,10,9,32,31,13,14,17,12,15,29,20,30,18,16,22,28,21,23,24,19,27,25,26
"142",0,1,1,2,3,4,5,6,11,7,8,32,29,9,10,31,24,30,19,12,14,17,22,13,15,16,28,18,26,21,23,27,25,20
"143",1,1,32,1,2,3,4,5,6,7,8,9,10,11,12,13,14,15,16,17,18,19,20,21,22,23,24,25,26,27,28,29,30,31
"144",0,1,1,2,3,5,4,8,6,7,11,26,31,10,9,32,19,13,25,28,12,23,14,30,29,15,27,21,20,17,24,16,18,22
"145",0,0,1,3,2,5,6,4,7,10,9,8,12,13,11,32,15,17,31,14,16,21,18,19,25,30,28,23,20,29,26,27,24,22
"146",1,1,32,1,2,3,4,5,6,7,8,9,10,11,12,13,14,15,16,17,18,19,20,21,22,23,24,25,26,27,28,29,30,31
"147",0,1,1,3,2,4,5,7,6,9,8,16,10,18,13,11,14,12,17,32,31,15,19,24,25,20,28,30,21,29,23,22,27,26
"148",0,1,1,2,3,4,5,6,7,12,10,9,8,15,13,17,11,14,18,20,32,16,19,31,29,30,27,21,25,23,22,28,26,24
"149",0,0,2,1,3,4,5,6,7,9,8,11,14,10,13,28,12,32,30,29,27,31,26,18,21,15,24,16,20,23,17,25,19,22
"150",1,1,32,1,2,3,4,5,6,7,8,9,10,11,12,13,14,15,16,17,18,19,20,21,22,23,24,25,26,27,28,29,30,31
"151",1,0,1,2,3,4,5,6,7,8,9,22,32,10,11,13,15,14,16,18,12,17,20,31,19,29,30,24,27,21,23,28,26,25
"152",1,1,32,1,2,3,4,5,6,7,8,9,10,11,12,13,14,15,16,17,18,19,20,21,22,23,24,25,26,27,28,29,30,31
"153",1,1,32,1,2,3,4,5,6,7,8,9,10,11,12,13,14,15,16,17,18,19,20,21,22,23,24,25,26,27,28,29,30,31
"154",1,1,32,1,2,3,4,5,6,7,8,9,10,11,12,13,14,15,16,17,18,19,20,21,22,23,24,25,26,27,28,29,30,31
"155",0,1,1,2,3,5,4,8,7,6,13,9,10,11,12,30,15,19,32,14,16,21,31,20,26,18,28,17,29,23,22,25,27,24
"156",1,0,1,2,3,6,5,4,8,7,10,15,9,11,32,12,14,30,26,31,24,13,20,28,18,16,19,29,22,21,17,23,25,27
"157",1,0,1,2,3,6,4,5,8,17,7,9,32,30,11,10,13,31,26,14,29,19,16,12,28,24,20,15,18,27,22,21,25,23
"158",1,0,1,2,4,3,21,5,9,7,6,10,12,8,11,30,14,32,13,31,26,20,28,29,15,18,24,25,16,23,27,17,19,22
"159",1,1,32,1,2,3,4,5,6,7,8,9,10,11,12,13,14,15,16,17,18,19,20,21,22,23,24,25,26,27,28,29,30,31
"160",0,0,1,2,3,4,5,6,9,12,7,11,8,13,21,10,32,31,14,25,15,17,30,18,29,16,19,24,20,28,27,26,23,22
"161",0,1,1,2,3,4,6,9,5,7,8,10,11,12,18,13,14,30,31,32,22,15,16,19,27,20,29,28,26,17,25,24,21,23
"162",0,1,1,2,3,4,5,8,7,6,12,10,9,15,13,31,32,11,16,14,17,24,20,26,18,30,23,29,21,19,27,28,22,25
"163",0,0,1,2,4,3,6,5,7,8,10,9,11,16,12,14,32,15,17,13,29,31,30,20,19,21,28,23,27,18,25,22,26,24
"164",0,0,1,2,3,4,6,7,5,32,8,9,10,31,18,14,12,22,30,11,15,13,16,23,17,28,27,29,24,19,26,25,20,21
"165",1,0,1,2,4,3,5,6,11,9,7,31,8,10,15,13,12,16,18,14,32,17,22,23,19,21,25,24,20,30,26,29,28,27
"166",1,1,32,1,2,3,4,5,6,7,8,9,10,11,12,13,14,15,16,17,18,19,20,21,22,23,24,25,26,27,28,29,30,31
"167",0,1,1,2,3,4,5,14,6,10,7,15,13,12,9,11,8,31,27,32,30,16,17,29,21,23,18,19,26,22,28,20,25,24
"168",1,0,2,1,3,4,5,6,8,12,9,7,11,10,14,32,13,29,16,17,22,18,31,15,30,25,27,26,19,21,28,20,24,23
"169",0,1,1,2,3,4,5,8,6,7,9,32,10,19,14,13,11,29,31,24,12,27,30,28,16,26,22,25,15,17,21,20,23,18
"170",1,1,32,1,2,3,4,5,6,7,8,9,10,11,12,13,14,15,16,17,18,19,20,21,22,23,24,25,26,27,28,29,30,31
"171",0,0,1,2,4,3,7,5,6,8,9,11,10,12,15,20,14,13,16,32,18,21,17,31,28,29,30,23,27,19,22,26,24,25
"172",0,1,1,2,4,3,5,6,8,7,13,11,31,32,10,9,14,26,29,12,27,30,28,25,15,23,20,16,22,24,18,21,19,17
"173",1,0,1,3,2,4,5,6,7,8,9,12,10,24,11,25,27,18,16,32,19,15,14,31,13,17,30,29,20,21,22,28,23,26
"174",0,0,1,2,3,4,5,7,6,8,9,30,29,11,10,15,13,31,32,12,14,16,26,22,24,18,17,28,19,23,27,21,25,20
"175",0,0,1,2,3,4,6,5,7,8,9,14,10,11,12,13,24,31,17,15,32,30,21,18,16,29,19,28,22,20,23,27,26,25
"176",0,1,2,1,3,4,5,6,7,8,9,13,11,10,12,17,14,32,16,15,19,22,18,21,30,28,27,25,31,20,29,24,26,23
"177",0,0,1,2,3,5,4,6,8,9,7,12,11,19,30,13,32,31,14,10,23,17,15,29,24,27,28,16,22,25,18,26,20,21
"178",1,1,32,1,2,3,4,5,6,7,8,9,10,11,12,13,14,15,16,17,18,19,20,21,22,23,24,25,26,27,28,29,30,31
"179",0,1,1,2,4,3,5,6,8,10,7,11,9,16,12,13,27,32,18,14,17,15,31,19,29,24,30,21,28,25,20,26,22,23
"180",0,0,1,2,5,3,4,6,9,8,7,32,30,24,31,29,12,28,10,11,17,13,14,20,26,16,27,15,23,19,25,21,18,22
"181",1,0,1,3,2,5,4,6,8,7,9,13,12,10,28,11,27,32,31,17,30,14,22,29,16,15,21,18,23,20,24,19,25,26
"182",1,0,1,3,4,2,5,8,6,7,9,27,14,12,10,29,15,11,13,26,31,30,32,16,17,28,20,22,24,19,25,23,18,21
"183",1,1,32,1,2,3,4,5,6,7,8,9,10,11,12,13,14,15,16,17,18,19,20,21,22,23,24,25,26,27,28,29,30,31
"184",1,1,32,1,2,3,4,5,6,7,8,9,10,11,12,13,14,15,16,17,18,19,20,21,22,23,24,25,26,27,28,29,30,31
"185",0,1,1,4,3,2,6,5,9,8,10,7,32,11,18,31,12,13,29,14,28,24,17,30,16,27,21,15,25,26,19,23,22,20
"186",1,1,32,1,2,3,4,5,6,7,8,9,10,11,12,13,14,15,16,17,18,19,20,21,22,23,24,25,26,27,28,29,30,31
"187",0,1,1,2,6,3,5,4,7,14,8,9,11,10,12,15,19,31,13,16,32,17,30,25,27,21,22,18,20,29,24,28,23,26
"188",0,1,1,2,3,4,5,6,8,12,7,9,10,11,13,32,21,17,16,14,19,18,30,31,15,22,20,29,25,23,28,24,27,26
"189",1,0,1,2,4,3,6,5,7,8,12,9,15,13,11,10,21,17,30,14,20,16,31,32,28,29,18,26,19,23,27,24,25,22
"190",1,1,32,1,2,3,4,5,6,7,8,9,10,11,12,13,14,15,16,17,18,19,20,21,22,23,24,25,26,27,28,29,30,31
"191",0,0,1,2,4,3,5,6,7,8,11,9,10,14,15,32,31,12,28,13,20,22,24,25,18,17,16,30,29,21,19,23,27,26
"192",0,1,2,1,3,5,4,7,6,8,29,9,10,25,30,28,14,31,11,21,17,12,32,23,26,15,27,22,16,24,13,18,19,20
"193",1,1,32,1,2,3,4,5,6,7,8,9,10,11,12,13,14,15,16,17,18,19,20,21,22,23,24,25,26,27,28,29,30,31
"194",0,1,1,2,3,4,7,5,6,8,9,12,11,10,32,13,14,20,19,27,30,18,31,16,15,17,28,24,21,26,29,25,22,23
"195",0,0,1,2,3,4,5,6,10,8,7,9,11,28,12,32,13,14,15,30,17,31,18,16,20,25,21,24,23,22,19,29,26,27
"196",0,1,1,3,2,4,5,7,6,8,11,28,32,9,31,10,25,30,24,29,12,26,27,14,17,20,16,15,13,18,22,19,23,21
"197",1,0,1,2,4,3,5,6,8,7,11,9,13,10,32,14,12,17,30,29,31,15,20,16,19,22,24,23,26,28,21,27,18,25
"198",0,0,1,2,3,4,7,5,6,8,10,11,15,9,12,13,17,32,14,16,31,30,28,29,19,25,27,26,21,18,23,20,24,22
"199",1,1,32,1,2,3,4,5,6,7,8,9,10,11,12,13,14,15,16,17,18,19,20,21,22,23,24,25,26,27,28,29,30,31
"200",0,1,1,2,3,4,7,5,6,14,8,19,12,9,29,15,30,32,10,11,17,13,16,26,18,27,21,31,23,22,25,20,24,28
"201",0,0,1,2,3,4,5,6,7,8,9,10,11,12,28,32,14,13,31,29,26,18,30,19,20,15,17,27,16,23,22,24,25,21
"202",0,0,1,2,3,5,4,6,7,8,10,9,12,13,11,26,30,32,31,27,14,29,28,24,23,18,17,15,16,20,25,22,21,19
"203",0,0,1,2,3,4,5,7,8,12,6,10,13,17,32,9,11,15,14,31,16,26,27,30,18,22,29,20,28,24,21,19,23,25
"204",1,0,1,2,4,3,7,9,6,5,8,10,11,32,14,12,13,15,28,30,18,17,26,16,25,31,19,29,23,20,27,24,21,22
"205",0,1,1,2,3,4,5,7,9,6,8,10,11,14,13,12,31,15,32,17,23,29,28,30,16,27,18,25,21,22,26,20,24,19
"206",0,1,2,1,3,4,8,5,10,9,17,6,12,7,11,14,13,16,32,15,30,21,22,31,18,28,20,23,29,19,25,26,27,24
"207",0,1,1,2,3,4,5,10,11,7,6,8,9,14,13,12,31,15,23,18,19,16,17,32,29,20,24,27,25,21,28,26,30,22
"208",0,1,1,2,3,4,7,5,13,6,8,9,11,20,10,16,12,14,15,32,23,31,21,29,18,30,17,19,27,28,24,25,26,22
"209",1,1,32,1,2,3,4,5,6,7,8,9,10,11,12,13,14,15,16,17,18,19,20,21,22,23,24,25,26,27,28,29,30,31
"210",0,0,1,3,2,4,5,6,7,10,8,26,30,9,32,31,11,12,13,14,25,15,29,21,17,16,28,24,20,27,19,22,18,23
"211",0,0,1,2,3,5,4,6,7,8,9,10,12,15,14,30,11,20,32,13,27,22,29,19,31,25,28,16,17,26,23,21,18,24
"212",0,1,1,2,3,4,5,7,8,6,9,12,32,20,10,11,15,17,14,13,29,16,22,31,18,19,28,30,25,26,24,21,23,27
"213",1,0,1,2,3,4,5,6,10,7,8,17,31,9,22,30,32,12,26,13,25,15,11,19,28,27,14,23,20,29,21,16,24,18
"214",1,1,32,1,2,3,4,5,6,7,8,9,10,11,12,13,14,15,16,17,18,19,20,21,22,23,24,25,26,27,28,29,30,31
"215",0,0,1,2,3,4,6,5,15,8,7,14,9,32,10,11,16,19,13,12,17,18,31,25,24,29,30,27,22,21,20,26,28,23
"216",1,1,32,1,2,3,4,5,6,7,8,9,10,11,12,13,14,15,16,17,18,19,20,21,22,23,24,25,26,27,28,29,30,31
"217",1,0,2,1,3,4,5,6,8,7,9,11,14,16,10,13,19,22,18,15,12,29,27,25,17,30,26,21,32,31,28,24,20,23
"218",0,1,1,2,3,4,6,5,7,9,31,8,29,10,30,32,12,17,15,11,18,14,13,16,27,20,28,23,19,24,25,26,22,21
"219",1,0,1,2,4,3,6,5,8,7,11,12,10,9,21,15,13,17,16,14,18,30,19,23,20,31,26,22,27,32,29,24,25,28
"220",0,1,1,2,5,3,4,8,6,9,7,10,12,20,16,15,18,14,13,11,32,31,23,19,28,24,21,29,22,17,26,25,30,27
"221",1,0,1,2,3,4,5,9,6,7,8,21,32,23,28,10,29,11,13,12,15,30,31,25,14,24,26,19,16,22,27,17,20,18
"222",1,1,32,1,2,3,4,5,6,7,8,9,10,11,12,13,14,15,16,17,18,19,20,21,22,23,24,25,26,27,28,29,30,31
"223",0,0,2,1,3,4,5,6,11,7,9,8,10,12,31,13,32,30,17,29,15,14,23,22,18,24,16,19,28,26,25,27,21,20
"224",0,0,2,1,3,4,5,7,6,17,8,14,9,11,12,10,19,21,13,15,31,22,18,24,16,29,30,32,25,27,28,20,23,26
"225",0,1,1,2,3,4,5,7,6,10,9,32,8,15,12,11,13,14,29,27,21,31,16,17,30,18,23,22,25,28,19,26,20,24
"226",0,1,1,2,3,6,4,5,7,8,32,10,12,11,15,9,16,14,17,19,13,18,29,31,25,27,20,28,21,26,30,23,24,22
"227",0,1,1,2,4,3,5,6,8,7,10,11,9,14,13,12,31,25,15,32,29,30,16,18,17,19,22,26,20,28,27,21,24,23
"228",0,0,1,2,4,3,5,6,7,8,9,13,10,32,11,29,12,24,14,25,31,17,27,16,28,30,18,26,15,23,21,19,20,22
"229",1,1,32,1,2,3,4,5,6,7,8,9,10,11,12,13,14,15,16,17,18,19,20,21,22,23,24,25,26,27,28,29,30,31
"230",1,1,32,1,2,3,4,5,6,7,8,9,10,11,12,13,14,15,16,17,18,19,20,21,22,23,24,25,26,27,28,29,30,31
"231",0,1,2,1,3,4,5,6,9,8,7,13,11,12,32,10,16,31,29,15,22,14,27,28,18,30,17,21,19,24,25,20,26,23
"232",1,1,32,1,2,3,4,5,6,7,8,9,10,11,12,13,14,15,16,17,18,19,20,21,22,23,24,25,26,27,28,29,30,31
"233",0,0,1,2,3,6,4,5,9,8,7,11,12,13,27,10,14,32,29,16,15,31,30,28,19,17,21,18,23,26,20,24,22,25
"234",0,0,1,2,3,4,5,6,7,9,10,13,8,11,14,29,12,15,28,32,16,17,22,31,19,26,18,27,24,30,21,20,23,25
"235",1,1,32,1,2,3,4,5,6,7,8,9,10,11,12,13,14,15,16,17,18,19,20,21,22,23,24,25,26,27,28,29,30,31
"236",0,0,2,1,3,5,4,6,7,8,10,11,9,30,32,28,12,31,16,14,29,13,23,25,26,17,20,15,27,18,21,24,19,22
"237",1,1,32,1,2,3,4,5,6,7,8,9,10,11,12,13,14,15,16,17,18,19,20,21,22,23,24,25,26,27,28,29,30,31
"238",1,0,1,2,3,4,8,7,5,6,12,11,14,9,32,10,13,16,15,27,21,29,17,31,19,30,18,28,26,25,24,22,20,23
"239",0,1,1,2,3,4,5,6,9,7,32,8,12,10,11,13,29,14,15,16,20,17,31,18,19,28,25,30,26,27,21,24,23,22
"240",1,1,32,1,2,3,4,5,6,7,8,9,10,11,12,13,14,15,16,17,18,19,20,21,22,23,24,25,26,27,28,29,30,31
"241",1,0,1,2,3,4,5,32,8,6,7,10,31,9,28,30,27,13,29,25,12,11,26,15,24,14,20,18,19,23,17,16,21,22
"242",1,0,1,2,3,4,5,12,6,15,10,8,11,7,17,9,13,14,30,31,16,18,32,29,19,25,27,20,28,23,26,21,22,24
"243",0,1,1,2,4,3,6,7,5,8,31,10,27,9,12,13,24,32,11,14,15,29,21,30,19,23,22,28,25,16,17,18,20,26
"244",0,1,1,2,3,4,6,5,7,10,8,9,11,12,18,31,30,16,32,29,14,15,27,13,28,20,24,22,17,19,26,23,21,25
"245",0,1,1,2,4,3,5,6,7,8,10,9,32,28,30,11,12,13,15,19,14,29,16,31,27,18,17,23,22,26,25,20,24,21
"246",1,0,2,1,3,4,5,6,13,7,10,9,18,12,8,11,31,27,14,15,19,32,17,30,16,20,29,21,28,25,24,23,26,22
"247",0,0,1,3,2,4,7,6,10,5,8,9,11,12,30,16,31,14,13,32,18,17,28,19,22,15,24,29,26,27,25,21,23,20
"248",0,1,1,2,3,5,4,7,6,11,12,8,9,10,19,28,31,14,13,29,32,30,15,16,17,18,21,22,25,20,24,23,27,26
"249",1,1,32,1,2,3,4,5,6,7,8,9,10,11,12,13,14,15,16,17,18,19,20,21,22,23,24,25,26,27,28,29,30,31
"250",0,1,1,2,3,4,6,5,9,8,7,15,10,17,12,11,20,29,30,32,14,24,13,18,16,31,19,27,28,22,25,23,26,21
"251",0,0,1,2,3,5,4,6,7,9,8,13,32,10,11,15,14,31,12,30,17,16,29,22,20,24,26,27,28,21,23,25,18,19
"252",0,1,1,2,3,5,6,4,9,7,8,26,32,13,14,11,10,16,12,31,19,15,29,25,23,21,28,18,27,30,17,22,24,20
"253",1,1,32,1,2,3,4,5,6,7,8,9,10,11,12,13,14,15,16,17,18,19,20,21,22,23,24,25,26,27,28,29,30,31
"254",1,1,32,1,2,3,4,5,6,7,8,9,10,11,12,13,14,15,16,17,18,19,20,21,22,23,24,25,26,27,28,29,30,31
"255",1,0,1,2,3,4,5,6,8,7,9,13,11,15,10,14,31,32,12,18,29,28,19,30,23,17,16,20,21,26,24,25,22,27
"256",0,1,1,2,3,6,5,4,7,8,9,10,11,32,14,31,13,21,12,29,28,30,27,23,18,15,17,25,26,16,24,19,20,22
"257",0,0,1,2,3,4,5,9,6,7,10,8,11,15,12,32,17,13,30,16,14,18,27,26,29,31,19,20,28,24,25,22,23,21
"258",1,1,32,1,2,3,4,5,6,7,8,9,10,11,12,13,14,15,16,17,18,19,20,21,22,23,24,25,26,27,28,29,30,31
"259",1,0,1,2,4,3,5,6,9,8,7,29,11,32,20,31,10,14,13,21,17,30,12,18,15,16,28,23,25,19,22,24,26,27
"260",0,1,2,3,1,4,5,6,7,8,10,17,9,11,15,16,13,14,12,32,18,21,26,19,31,23,20,22,24,30,28,27,25,29
"261",1,0,1,2,3,5,4,6,9,8,7,16,11,10,13,19,29,12,17,15,32,20,14,25,18,26,30,31,21,23,28,24,27,22
"262",1,1,32,1,2,3,4,5,6,7,8,9,10,11,12,13,14,15,16,17,18,19,20,21,22,23,24,25,26,27,28,29,30,31
"263",1,0,1,2,3,5,4,7,6,8,32,11,12,9,10,21,24,14,15,19,13,20,16,22,31,17,26,30,18,25,27,29,23,28
"264",1,0,1,2,5,3,4,6,8,7,9,11,12,18,13,10,17,19,16,15,32,14,28,24,31,26,23,20,30,22,27,21,25,29
"265",0,1,1,2,3,5,4,6,8,9,7,10,12,18,11,28,30,15,16,17,13,31,14,32,27,24,29,22,25,26,20,21,23,19
"266",1,1,32,1,2,3,4,5,6,7,8,9,10,11,12,13,14,15,16,17,18,19,20,21,22,23,24,25,26,27,28,29,30,31
"267",0,1,2,1,4,3,5,7,9,8,10,11,6,14,19,31,28,15,12,27,30,13,16,24,17,32,22,18,23,29,21,25,20,26
"268",1,1,32,1,2,3,4,5,6,7,8,9,10,11,12,13,14,15,16,17,18,19,20,21,22,23,24,25,26,27,28,29,30,31
"269",0,1,2,1,4,3,5,6,7,8,11,10,32,31,30,13,9,16,28,12,27,17,15,19,29,14,25,18,24,20,22,26,23,21
"270",1,0,2,1,3,5,4,8,6,17,7,12,32,16,15,9,11,10,13,20,30,14,18,31,29,21,19,24,23,26,25,28,22,27
"271",0,1,1,2,3,4,5,8,6,7,9,28,24,31,29,25,13,32,26,12,30,11,27,10,17,14,16,15,18,23,21,20,22,19
"272",1,1,32,1,2,3,4,5,6,7,8,9,10,11,12,13,14,15,16,17,18,19,20,21,22,23,24,25,26,27,28,29,30,31
"273",1,1,32,1,2,3,4,5,6,7,8,9,10,11,12,13,14,15,16,17,18,19,20,21,22,23,24,25,26,27,28,29,30,31
"274",0,1,1,2,3,6,4,9,7,5,8,10,12,32,13,14,11,17,15,16,31,19,22,30,18,26,21,20,29,23,24,25,28,27
"275",0,0,1,2,4,3,5,7,9,6,31,13,8,10,32,30,19,26,12,18,11,15,16,14,17,29,27,24,25,28,22,21,23,20
"276",0,1,1,3,4,2,5,8,7,9,6,11,10,14,24,13,22,32,29,12,15,16,27,28,31,21,25,23,30,18,19,17,26,20
"277",0,1,1,3,2,4,6,5,10,7,11,8,14,9,12,13,16,20,15,32,17,30,31,18,29,26,22,21,19,28,24,27,23,25
"278",1,0,1,2,5,3,4,7,6,8,9,32,10,11,15,14,29,12,31,13,30,16,17,18,20,28,27,26,25,22,19,21,24,23
"279",1,0,1,2,3,5,4,10,8,7,6,9,12,11,13,19,15,32,17,14,20,23,16,18,22,27,31,26,29,30,21,28,25,24
"280",1,0,1,3,4,2,5,6,7,9,10,8,32,12,16,15,11,31,13,14,30,19,17,28,21,18,23,27,29,25,26,20,22,24
"281",0,1,1,2,3,4,6,8,5,9,7,32,30,31,10,11,15,12,14,13,29,21,16,18,28,17,26,19,23,25,20,27,24,22
"282",1,0,1,3,2,4,5,6,7,13,8,9,10,11,12,29,14,16,32,17,23,15,30,25,26,31,28,18,24,27,19,22,21,20
"283",0,1,1,2,3,4,5,6,7,9,11,8,32,29,10,31,30,14,12,19,26,13,21,27,28,16,23,22,25,18,20,24,15,17
"284",1,0,1,2,3,4,5,7,8,6,10,9,12,14,31,15,11,32,16,25,13,17,29,27,19,30,28,21,26,18,23,20,22,24
"285",0,0,1,2,3,5,4,6,7,9,32,8,10,30,12,31,15,29,13,11,19,18,14,17,20,16,28,27,26,24,21,22,25,23
"286",0,1,2,1,3,4,5,6,7,13,9,8,10,14,12,11,19,28,17,15,16,29,32,31,27,20,30,18,26,25,21,24,22,23
"287",1,1,32,1,2,3,4,5,6,7,8,9,10,11,12,13,14,15,16,17,18,19,20,21,22,23,24,25,26,27,28,29,30,31
"288",0,0,1,2,3,4,5,6,7,32,9,8,11,31,30,12,10,17,16,18,29,14,15,26,24,27,28,25,21,13,19,20,23,22
"289",1,0,1,2,3,5,4,8,9,6,7,10,12,13,30,32,14,27,31,16,15,29,28,11,25,26,18,17,19,22,24,21,23,20
"290",0,0,1,2,3,4,6,5,8,11,9,7,10,13,12,32,23,31,14,15,16,30,21,22,19,17,27,18,29,28,24,25,26,20
"291",1,1,32,1,2,3,4,5,6,7,8,9,10,11,12,13,14,15,16,17,18,19,20,21,22,23,24,25,26,27,28,29,30,31
"292",0,0,1,2,3,4,5,6,11,7,8,9,32,10,30,12,13,18,15,31,14,20,19,21,16,17,25,28,29,27,24,22,23,26
"293",0,0,1,2,3,4,5,6,7,8,17,9,10,15,11,12,32,13,30,14,23,31,28,18,29,16,25,19,22,20,21,24,27,26
"294",1,0,2,1,4,3,5,6,32,13,11,10,7,9,8,12,17,31,29,28,30,18,16,14,25,15,19,21,27,20,26,24,23,22
"295",0,1,1,2,4,3,5,7,9,8,6,32,15,10,25,11,31,12,17,30,27,13,29,20,16,14,19,21,28,23,24,26,22,18
"296",1,0,1,2,3,4,5,8,11,6,7,14,10,16,9,12,13,17,30,19,20,31,15,32,22,18,21,28,27,29,26,23,25,24
"297",1,1,32,1,2,3,4,5,6,7,8,9,10,11,12,13,14,15,16,17,18,19,20,21,22,23,24,25,26,27,28,29,30,31
"298",1,1,32,1,2,3,4,5,6,7,8,9,10,11,12,13,14,15,16,17,18,19,20,21,22,23,24,25,26,27,28,29,30,31
"299",1,1,32,1,2,3,4,5,6,7,8,9,10,11,12,13,14,15,16,17,18,19,20,21,22,23,24,25,26,27,28,29,30,31
"300",1,0,1,2,3,4,10,5,6,7,8,9,14,32,13,29,11,18,16,12,20,19,17,15,31,26,21,30,22,28,24,23,27,25
"301",1,1,32,1,2,3,4,5,6,7,8,9,10,11,12,13,14,15,16,17,18,19,20,21,22,23,24,25,26,27,28,29,30,31
"302",1,1,32,1,2,3,4,5,6,7,8,9,10,11,12,13,14,15,16,17,18,19,20,21,22,23,24,25,26,27,28,29,30,31
"303",0,1,1,2,6,3,5,4,10,7,8,9,11,22,12,30,15,29,31,14,28,32,13,27,23,16,20,26,17,25,18,21,24,19
"304",1,1,32,1,2,3,4,5,6,7,8,9,10,11,12,13,14,15,16,17,18,19,20,21,22,23,24,25,26,27,28,29,30,31
"305",1,0,1,2,4,3,5,7,9,6,8,16,13,10,11,29,14,32,12,26,22,15,20,18,17,25,31,19,30,28,23,27,21,24
"306",0,0,1,3,2,4,5,6,9,8,7,10,32,13,14,28,12,30,11,31,15,27,17,26,23,16,29,25,21,22,19,20,24,18
"307",0,0,1,2,3,4,5,6,7,9,8,11,16,10,13,14,15,17,12,31,30,23,18,32,29,28,27,25,24,26,22,20,19,21
"308",0,1,1,2,3,4,8,6,5,10,7,9,31,11,12,13,32,29,26,30,28,14,15,16,22,20,27,18,21,25,24,23,17,19
"309",1,1,32,1,2,3,4,5,6,7,8,9,10,11,12,13,14,15,16,17,18,19,20,21,22,23,24,25,26,27,28,29,30,31
"310",0,1,1,2,3,6,7,5,4,8,32,31,30,13,10,9,25,11,14,12,29,16,28,18,17,24,19,27,15,26,23,20,22,21
"311",1,0,3,1,2,4,5,6,7,8,32,10,19,9,16,29,31,11,13,28,14,26,27,23,30,12,24,22,25,21,15,18,17,20
"312",0,0,1,3,2,6,5,4,8,7,10,9,18,12,11,19,13,32,15,31,14,16,20,29,23,17,27,22,26,30,21,25,28,24
"313",1,1,32,1,2,3,4,5,6,7,8,9,10,11,12,13,14,15,16,17,18,19,20,21,22,23,24,25,26,27,28,29,30,31
"314",0,1,1,2,3,4,5,7,6,9,18,8,10,11,12,32,20,24,29,31,23,30,16,14,13,19,15,17,21,27,28,25,22,26
"315",0,1,1,2,3,4,5,6,7,9,12,8,32,27,11,30,31,29,14,17,26,10,20,19,28,13,25,21,16,18,15,22,24,23
"316",0,1,1,2,3,4,5,8,6,7,9,11,10,14,13,12,15,32,31,17,16,19,21,20,25,23,24,18,29,30,27,26,22,28
"317",0,0,1,2,3,4,5,6,7,8,9,11,12,22,10,32,31,27,13,14,15,23,26,29,30,16,18,28,17,24,25,19,20,21
"318",1,0,1,2,3,4,5,6,7,8,10,12,30,32,9,31,13,11,29,14,17,15,16,28,26,21,27,19,18,20,25,22,24,23
"319",0,0,1,2,4,5,6,3,7,11,9,10,8,12,14,18,29,32,13,25,30,31,26,19,17,16,15,23,20,24,27,28,21,22
"320",0,1,1,2,4,3,5,8,7,6,9,32,10,11,30,13,31,14,12,18,19,15,26,29,16,28,21,20,25,17,22,27,23,24
"321",0,0,1,4,2,3,7,5,6,8,32,9,28,11,10,13,20,26,14,29,15,31,21,27,12,30,19,24,23,25,17,16,22,18
"322",1,1,32,1,2,3,4,5,6,7,8,9,10,11,12,13,14,15,16,17,18,19,20,21,22,23,24,25,26,27,28,29,30,31
"323",1,1,32,1,2,3,4,5,6,7,8,9,10,11,12,13,14,15,16,17,18,19,20,21,22,23,24,25,26,27,28,29,30,31
"324",0,0,2,1,3,4,5,6,9,8,7,11,31,15,29,32,10,27,30,12,28,14,16,13,21,20,17,24,23,25,18,26,19,22
"325",1,1,32,1,2,3,4,5,6,7,8,9,10,11,12,13,14,15,16,17,18,19,20,21,22,23,24,25,26,27,28,29,30,31
"326",0,1,1,2,3,5,4,6,8,12,10,7,14,9,11,15,32,16,13,19,26,17,23,27,28,30,31,22,20,18,25,29,24,21
"327",0,1,1,2,3,4,5,6,9,10,7,13,8,11,17,12,30,32,14,19,29,15,31,28,16,20,22,18,26,25,23,21,27,24
"328",0,0,2,4,1,3,5,6,8,7,10,9,12,32,11,14,22,29,15,13,16,26,31,21,30,27,28,17,19,18,24,20,25,23
"329",1,1,32,1,2,3,4,5,6,7,8,9,10,11,12,13,14,15,16,17,18,19,20,21,22,23,24,25,26,27,28,29,30,31
"330",0,0,1,4,2,3,8,5,7,6,9,14,10,28,31,32,11,30,13,27,26,16,12,29,25,15,18,23,17,22,24,19,20,21
"331",1,0,1,2,3,4,7,5,6,8,9,12,16,14,11,10,13,32,18,22,21,19,15,24,31,29,25,17,20,23,30,26,28,27
"332",0,1,1,2,4,3,5,8,6,7,9,10,12,11,13,14,30,16,15,32,19,17,28,20,27,18,31,21,26,29,23,24,22,25
"333",0,0,2,1,3,4,5,8,6,7,12,11,9,15,14,10,13,17,32,16,18,24,31,29,20,30,19,21,22,26,27,28,23,25
"334",1,0,1,2,3,5,4,7,8,6,10,9,11,13,12,32,29,30,14,17,15,31,16,20,18,27,28,19,21,25,22,26,23,24
"335",1,0,1,2,3,5,4,9,6,12,8,7,10,13,18,11,15,16,29,14,26,32,19,31,17,24,21,27,20,30,23,28,22,25
"336",0,1,1,2,3,4,5,7,9,10,6,12,8,31,11,17,32,29,27,14,20,15,30,21,23,16,13,19,18,28,25,26,22,24
"337",0,0,1,3,4,5,2,6,7,13,32,14,8,31,9,19,30,28,10,12,29,11,20,18,16,15,17,26,24,27,21,25,22,23
"338",1,1,32,1,2,3,4,5,6,7,8,9,10,11,12,13,14,15,16,17,18,19,20,21,22,23,24,25,26,27,28,29,30,31
"339",0,1,1,2,3,5,4,6,9,32,7,8,12,16,11,15,31,13,10,14,30,20,17,29,19,28,18,27,25,23,24,26,21,22
"340",1,1,32,1,2,3,4,5,6,7,8,9,10,11,12,13,14,15,16,17,18,19,20,21,22,23,24,25,26,27,28,29,30,31
"341",0,1,1,2,3,5,4,6,8,7,29,9,12,24,10,31,11,13,14,32,23,15,30,16,27,25,22,20,28,26,18,17,19,21
"342",0,1,1,2,3,5,4,6,7,8,11,9,13,15,14,27,12,10,16,23,31,24,28,22,17,26,32,19,30,18,29,25,21,20
"343",1,0,1,2,5,6,3,4,8,7,10,9,31,32,11,14,13,29,12,30,27,19,28,18,16,24,15,17,23,25,22,26,20,21
"344",0,1,1,2,3,4,5,7,6,11,10,8,15,9,12,32,13,14,16,31,29,25,17,30,21,18,24,23,19,20,28,27,26,22
"345",0,0,1,2,3,6,4,5,7,10,8,9,12,14,15,32,31,11,13,20,17,16,18,29,30,27,23,22,19,25,21,28,24,26
"346",1,1,32,1,2,3,4,5,6,7,8,9,10,11,12,13,14,15,16,17,18,19,20,21,22,23,24,25,26,27,28,29,30,31
"347",0,0,1,2,4,5,3,8,6,7,9,29,32,16,11,10,31,30,17,13,14,15,22,12,18,28,21,27,25,24,26,23,19,20
"348",0,0,1,3,2,4,5,6,8,15,9,7,14,11,10,13,31,12,21,32,16,28,19,17,26,30,18,29,20,25,24,27,23,22
"349",1,0,1,2,3,4,6,5,7,23,13,32,12,10,8,21,9,30,11,18,31,29,28,14,16,17,15,27,19,26,24,25,20,22
"350",1,0,1,2,4,5,3,7,9,6,10,8,11,17,12,13,32,19,14,18,15,16,31,27,20,26,30,25,21,24,29,23,28,22
"351",0,0,1,3,2,6,4,5,12,15,10,7,13,9,8,11,31,28,23,14,32,18,16,20,19,17,26,21,30,27,22,29,25,24
"352",1,0,1,3,2,4,5,6,11,7,12,10,31,8,30,9,32,13,29,20,28,14,16,27,24,21,18,17,23,26,15,25,19,22
"353",0,1,1,2,3,4,7,6,5,8,12,10,13,9,11,23,32,14,17,28,15,30,18,31,16,21,20,27,19,29,22,26,25,24
"354",1,0,1,2,3,4,5,6,9,7,8,12,32,10,15,18,11,13,17,14,27,30,16,31,28,20,19,22,25,26,29,24,23,21
"355",0,1,1,2,4,3,5,9,8,6,7,18,12,31,11,29,15,16,14,32,10,13,22,30,20,27,28,17,24,25,19,21,26,23
"356",1,1,32,1,2,3,4,5,6,7,8,9,10,11,12,13,14,15,16,17,18,19,20,21,22,23,24,25,26,27,28,29,30,31
"357",0,0,1,2,4,3,7,5,6,8,9,10,32,30,11,12,25,31,28,14,29,15,13,16,17,26,18,21,24,20,22,27,19,23
"358",1,1,32,1,2,3,4,5,6,7,8,9,10,11,12,13,14,15,16,17,18,19,20,21,22,23,24,25,26,27,28,29,30,31
"359",0,1,1,2,3,4,6,5,7,8,9,13,11,10,12,26,14,23,17,18,15,16,21,24,32,20,19,29,27,22,25,28,31,30
"360",0,0,1,2,3,5,4,6,8,7,11,9,32,10,12,27,31,29,14,13,30,28,22,23,17,16,18,15,26,24,20,19,25,21
"361",1,1,32,1,2,3,4,5,6,7,8,9,10,11,12,13,14,15,16,17,18,19,20,21,22,23,24,25,26,27,28,29,30,31
"362",1,1,32,1,2,3,4,5,6,7,8,9,10,11,12,13,14,15,16,17,18,19,20,21,22,23,24,25,26,27,28,29,30,31
"363",1,0,1,2,3,4,6,5,7,8,30,11,10,9,31,32,14,12,13,26,29,21,25,20,16,15,27,22,17,18,28,19,24,23
"364",1,1,32,1,2,3,4,5,6,7,8,9,10,11,12,13,14,15,16,17,18,19,20,21,22,23,24,25,26,27,28,29,30,31
"365",1,1,32,1,2,3,4,5,6,7,8,9,10,11,12,13,14,15,16,17,18,19,20,21,22,23,24,25,26,27,28,29,30,31
"366",1,0,1,2,3,4,5,6,11,7,12,8,32,13,9,15,10,29,31,30,16,28,14,17,26,27,18,25,24,21,20,23,22,19
"367",1,0,1,2,3,4,5,6,7,12,8,32,11,28,9,29,10,31,14,13,16,30,15,25,27,18,23,17,26,21,20,22,24,19
"368",0,0,1,2,3,4,5,6,7,9,8,13,14,10,16,11,31,32,12,15,27,30,28,29,23,17,20,18,24,25,21,22,19,26
"369",0,1,1,3,2,4,5,12,7,6,32,8,10,11,9,13,23,31,18,14,30,25,17,26,27,24,15,29,28,22,21,19,20,16
"370",0,0,1,3,2,4,5,7,8,6,10,9,11,16,13,12,14,15,17,29,22,21,30,32,26,23,20,18,31,19,24,28,25,27
"371",0,0,1,2,3,4,5,7,6,12,10,8,11,9,13,15,29,32,18,24,30,14,27,21,19,25,23,20,31,28,16,17,26,22
"372",0,1,1,2,3,4,5,6,7,9,8,12,22,10,30,29,11,13,32,31,26,28,14,27,23,19,24,25,15,16,18,21,20,17
"373",0,0,1,2,3,5,4,7,6,9,8,13,10,12,28,15,14,11,21,31,20,32,29,16,18,26,22,17,30,24,27,19,25,23
"374",1,1,32,1,2,3,4,5,6,7,8,9,10,11,12,13,14,15,16,17,18,19,20,21,22,23,24,25,26,27,28,29,30,31
"375",1,0,1,2,3,6,4,5,7,9,8,11,31,29,10,17,14,32,30,12,15,13,28,20,16,23,21,22,18,19,27,26,25,24
"376",1,1,32,1,2,3,4,5,6,7,8,9,10,11,12,13,14,15,16,17,18,19,20,21,22,23,24,25,26,27,28,29,30,31
"377",1,1,32,1,2,3,4,5,6,7,8,9,10,11,12,13,14,15,16,17,18,19,20,21,22,23,24,25,26,27,28,29,30,31
"378",1,0,1,2,4,3,7,5,6,10,8,9,16,14,18,17,31,20,29,13,11,32,28,30,15,12,27,22,21,24,19,26,23,25
"379",0,1,1,2,3,4,5,7,11,6,8,10,16,9,15,25,17,12,13,26,14,29,20,21,22,18,32,31,30,19,28,23,27,24
"380",1,1,32,1,2,3,4,5,6,7,8,9,10,11,12,13,14,15,16,17,18,19,20,21,22,23,24,25,26,27,28,29,30,31
"381",1,1,32,1,2,3,4,5,6,7,8,9,10,11,12,13,14,15,16,17,18,19,20,21,22,23,24,25,26,27,28,29,30,31
"382",0,1,1,2,4,3,5,10,7,8,11,6,9,12,13,14,23,16,32,31,25,29,30,17,15,28,20,27,21,18,19,24,22,26
"383",0,1,1,2,3,4,6,5,7,9,8,30,10,31,11,17,12,29,32,28,18,13,16,24,15,27,19,14,21,23,22,20,25,26
"384",1,0,1,2,3,7,4,6,8,5,9,10,13,11,12,32,14,30,15,16,22,20,27,23,17,29,21,28,31,26,19,18,25,24
"385",0,0,1,2,4,3,5,8,7,6,9,13,12,11,10,30,18,15,14,16,28,32,19,20,31,24,17,21,22,27,26,25,23,29
"386",1,0,1,3,2,4,9,5,6,8,7,13,12,10,11,16,14,15,22,23,32,29,17,18,30,28,24,31,19,26,27,25,20,21
"387",1,1,32,1,2,3,4,5,6,7,8,9,10,11,12,13,14,15,16,17,18,19,20,21,22,23,24,25,26,27,28,29,30,31
"388",1,1,32,1,2,3,4,5,6,7,8,9,10,11,12,13,14,15,16,17,18,19,20,21,22,23,24,25,26,27,28,29,30,31
"389",1,0,1,2,3,6,5,4,9,8,10,7,11,13,12,17,14,31,26,28,32,22,16,20,24,15,29,27,21,23,30,19,25,18
"390",1,1,32,1,2,3,4,5,6,7,8,9,10,11,12,13,14,15,16,17,18,19,20,21,22,23,24,25,26,27,28,29,30,31
"391",1,1,32,1,2,3,4,5,6,7,8,9,10,11,12,13,14,15,16,17,18,19,20,21,22,23,24,25,26,27,28,29,30,31
"392",0,1,1,2,3,4,8,5,6,11,7,9,10,30,12,13,32,31,28,18,29,14,19,27,22,15,26,17,25,16,20,24,21,23
"393",0,0,2,1,3,4,6,5,7,32,8,9,11,10,14,27,13,12,24,19,31,26,17,20,30,29,16,15,18,21,23,25,28,22
"394",1,1,32,1,2,3,4,5,6,7,8,9,10,11,12,13,14,15,16,17,18,19,20,21,22,23,24,25,26,27,28,29,30,31
"395",1,0,1,2,3,4,5,10,6,7,9,8,15,12,11,17,19,18,13,14,30,16,21,25,29,22,32,23,20,31,26,27,28,24
"396",0,1,1,2,4,3,5,6,7,9,17,8,10,19,12,13,11,16,14,24,15,31,20,32,18,21,30,29,26,22,28,27,23,25
"397",0,0,1,2,4,3,8,5,7,6,11,15,10,9,30,12,13,31,32,16,14,21,17,18,29,19,20,22,28,25,26,24,23,27
"398",1,0,1,2,3,4,5,7,10,9,12,6,14,8,11,15,32,13,31,30,17,29,28,25,16,24,21,18,27,20,23,19,22,26
"399",1,1,32,1,2,3,4,5,6,7,8,9,10,11,12,13,14,15,16,17,18,19,20,21,22,23,24,25,26,27,28,29,30,31
"400",0,0,1,2,3,5,4,7,6,8,10,13,32,9,12,15,22,27,11,31,30,28,19,17,14,20,18,25,16,29,23,26,24,21
"401",1,1,32,1,2,3,4,5,6,7,8,9,10,11,12,13,14,15,16,17,18,19,20,21,22,23,24,25,26,27,28,29,30,31
"402",0,0,1,3,2,4,7,5,6,9,8,10,29,11,16,13,14,32,27,12,21,31,15,17,18,23,26,30,19,28,20,25,22,24
"403",0,0,1,2,3,4,6,8,9,5,7,10,17,14,13,11,12,30,27,19,32,15,28,31,20,18,16,29,22,23,21,26,25,24
"404",0,0,2,1,3,4,5,6,8,9,7,10,12,11,14,15,32,16,17,19,30,13,20,31,29,26,27,22,28,18,21,25,24,23
"405",1,0,1,2,3,4,6,5,8,7,10,11,9,14,12,17,13,16,15,19,32,23,26,18,30,20,29,22,31,24,21,28,25,27
"406",0,1,1,2,3,4,8,5,6,7,9,10,31,30,32,16,11,12,13,20,29,19,27,14,18,26,15,28,17,22,23,25,21,24
"407",0,0,1,2,3,4,5,7,6,8,9,13,12,10,16,17,11,31,14,32,15,22,30,18,28,20,29,23,27,21,19,24,25,26
"408",0,1,2,1,3,4,5,7,8,6,9,11,10,12,14,32,16,13,15,18,17,30,27,31,19,20,25,21,26,22,23,29,24,28
"409",0,0,1,2,3,4,5,6,7,9,10,8,29,15,11,13,31,12,30,32,28,14,19,16,27,17,20,18,24,25,26,21,23,22
"410",1,0,1,2,3,4,6,5,8,7,10,9,11,16,13,30,26,17,12,15,31,29,32,28,14,21,27,18,25,23,22,19,20,24
"411",0,1,1,2,3,4,5,6,7,8,12,9,11,10,31,16,32,13,14,30,18,17,15,22,27,20,19,29,23,24,26,25,28,21
"412",1,1,32,1,2,3,4,5,6,7,8,9,10,11,12,13,14,15,16,17,18,19,20,21,22,23,24,25,26,27,28,29,30,31
"413",0,1,2,1,3,5,4,26,6,25,9,31,7,10,8,32,12,11,30,15,13,28,24,27,18,16,29,23,21,14,19,17,22,20
"414",0,0,1,2,3,5,6,4,7,9,13,32,26,24,31,8,23,10,22,30,11,12,28,14,29,25,17,27,20,15,16,21,19,18
"415",0,1,1,2,3,4,5,6,7,8,13,11,10,16,9,30,12,26,32,19,14,17,31,15,20,27,18,21,24,25,23,22,28,29
"416",0,1,2,1,3,4,5,6,8,9,7,10,31,11,13,12,32,16,30,15,14,17,18,28,23,29,19,22,25,20,27,26,21,24
"417",0,0,2,1,3,4,5,6,12,7,11,10,31,8,9,17,19,16,13,32,27,18,30,14,29,28,15,25,21,22,24,26,23,20
"418",1,1,32,1,2,3,4,5,6,7,8,9,10,11,12,13,14,15,16,17,18,19,20,21,22,23,24,25,26,27,28,29,30,31
"419",1,1,32,1,2,3,4,5,6,7,8,9,10,11,12,13,14,15,16,17,18,19,20,21,22,23,24,25,26,27,28,29,30,31
"420",1,1,32,1,2,3,4,5,6,7,8,9,10,11,12,13,14,15,16,17,18,19,20,21,22,23,24,25,26,27,28,29,30,31
"421",0,0,1,2,3,5,4,7,9,6,32,10,8,23,31,11,15,29,12,18,30,14,13,26,28,16,17,19,21,20,25,24,22,27
"422",1,1,32,1,2,3,4,5,6,7,8,9,10,11,12,13,14,15,16,17,18,19,20,21,22,23,24,25,26,27,28,29,30,31
"423",1,1,32,1,2,3,4,5,6,7,8,9,10,11,12,13,14,15,16,17,18,19,20,21,22,23,24,25,26,27,28,29,30,31
"424",0,0,1,2,3,4,5,9,7,6,8,11,13,10,16,32,12,15,19,17,14,31,18,30,24,26,20,28,29,22,25,21,27,23
"425",1,0,1,3,4,2,5,8,6,7,10,12,16,9,32,11,26,13,25,31,23,14,29,17,28,30,15,27,22,19,18,21,20,24
"426",0,0,1,2,3,4,5,6,7,8,11,9,12,14,13,18,10,26,16,15,17,19,32,30,31,20,22,29,25,23,21,24,28,27
"427",0,1,1,2,3,4,6,8,5,7,10,12,14,9,31,11,32,30,18,16,13,15,23,17,29,22,24,20,28,25,19,27,26,21
"428",0,0,1,2,3,6,4,10,7,5,8,32,9,30,11,13,14,21,31,15,12,28,16,18,20,22,17,29,19,23,27,24,25,26
"429",0,1,1,2,3,4,11,6,5,8,7,10,9,32,12,16,13,31,29,14,15,24,22,30,19,18,28,17,20,23,27,26,21,25
"430",1,1,32,1,2,3,4,5,6,7,8,9,10,11,12,13,14,15,16,17,18,19,20,21,22,23,24,25,26,27,28,29,30,31
"431",1,1,32,1,2,3,4,5,6,7,8,9,10,11,12,13,14,15,16,17,18,19,20,21,22,23,24,25,26,27,28,29,30,31
"432",0,1,1,2,5,3,4,6,8,9,7,32,10,14,12,11,17,13,19,15,18,23,22,24,20,16,31,21,26,27,30,28,25,29
"433",1,0,1,2,4,3,6,5,8,7,9,32,11,13,10,16,30,14,12,15,31,17,29,21,18,22,28,26,25,27,20,24,19,23
"434",0,1,1,2,3,4,7,5,9,6,11,8,16,13,10,12,17,15,14,19,18,24,30,20,22,32,21,31,23,28,26,29,25,27
"435",0,0,1,2,3,5,4,7,32,6,8,10,9,11,28,12,29,21,26,14,24,27,16,30,31,13,15,25,19,22,23,18,17,20
"436",1,1,32,1,2,3,4,5,6,7,8,9,10,11,12,13,14,15,16,17,18,19,20,21,22,23,24,25,26,27,28,29,30,31
"437",1,1,32,1,2,3,4,5,6,7,8,9,10,11,12,13,14,15,16,17,18,19,20,21,22,23,24,25,26,27,28,29,30,31
"438",0,1,1,2,4,3,6,5,7,32,10,8,12,9,11,15,14,31,30,26,21,19,16,13,29,17,25,18,28,23,27,24,20,22
"439",1,1,32,1,2,3,4,5,6,7,8,9,10,11,12,13,14,15,16,17,18,19,20,21,22,23,24,25,26,27,28,29,30,31
"440",0,0,1,2,3,8,4,7,5,6,32,9,12,11,10,29,28,17,31,23,13,14,27,30,26,16,15,25,21,19,24,20,22,18
"441",1,0,1,2,3,4,6,5,31,30,32,7,8,11,14,9,10,12,21,13,16,15,28,29,25,18,17,27,26,24,20,19,22,23
"442",0,1,1,2,4,3,7,6,5,8,30,9,10,23,11,14,31,12,24,25,13,32,20,16,26,17,15,27,28,21,29,18,22,19
"443",0,1,1,2,4,3,5,6,7,9,10,8,30,12,32,16,13,11,31,29,14,27,21,26,28,17,24,19,25,18,15,23,20,22
"444",0,1,1,2,4,5,3,6,8,7,10,9,12,13,11,31,15,32,17,14,18,30,16,28,20,19,23,29,21,27,24,22,25,26
"445",1,0,1,2,3,4,11,7,6,5,8,9,10,28,12,14,16,13,17,31,32,15,18,27,25,26,29,20,30,19,22,23,24,21
"446",0,0,1,2,3,4,5,7,6,9,8,10,12,13,19,11,16,14,32,18,15,22,30,23,21,31,17,20,28,29,27,24,26,25
"447",1,0,1,2,4,3,5,6,7,10,9,8,11,15,13,17,12,16,30,31,14,23,32,27,18,19,29,28,26,25,20,22,21,24
"448",0,1,1,3,4,2,6,5,8,7,9,13,30,32,11,12,31,25,17,10,29,15,24,23,14,16,20,27,18,28,22,26,21,19
"449",0,0,2,1,3,5,4,6,7,13,12,8,16,11,32,10,9,29,31,14,15,18,30,17,25,20,27,21,24,28,19,23,26,22
"450",0,0,1,2,3,4,6,5,10,12,11,7,19,8,9,14,16,15,13,29,30,25,18,17,32,20,28,21,23,31,27,24,22,26
"451",0,1,1,3,2,4,5,7,6,8,12,9,11,10,13,17,15,26,14,30,32,31,27,21,29,19,16,22,18,28,20,24,23,25
"452",0,0,1,2,3,5,4,9,7,6,10,11,8,12,32,18,15,16,14,13,30,29,31,17,22,20,28,19,21,26,23,25,24,27
"453",1,1,32,1,2,3,4,5,6,7,8,9,10,11,12,13,14,15,16,17,18,19,20,21,22,23,24,25,26,27,28,29,30,31
"454",1,1,32,1,2,3,4,5,6,7,8,9,10,11,12,13,14,15,16,17,18,19,20,21,22,23,24,25,26,27,28,29,30,31
"455",1,0,1,2,3,8,4,6,5,7,10,9,16,32,14,23,29,13,11,31,28,18,30,27,12,15,25,22,26,24,21,17,19,20
"456",1,0,1,2,3,4,6,5,32,7,9,8,10,17,14,12,13,11,16,15,31,20,22,27,19,18,26,23,21,30,28,24,29,25
"457",0,1,2,1,3,4,5,6,10,7,9,12,14,8,11,13,17,20,32,30,15,28,18,16,21,29,19,24,22,31,25,26,27,23
"458",0,1,1,2,3,4,5,6,9,24,7,12,8,15,10,13,17,11,16,14,20,19,32,31,30,18,22,25,21,27,29,23,28,26
"459",1,0,1,2,4,3,6,5,7,9,8,12,10,16,26,20,11,32,18,29,15,13,31,23,14,17,28,27,21,24,22,19,30,25
"460",1,1,32,1,2,3,4,5,6,7,8,9,10,11,12,13,14,15,16,17,18,19,20,21,22,23,24,25,26,27,28,29,30,31
"461",0,0,1,2,3,5,4,6,7,8,10,12,16,11,14,18,31,9,20,15,17,23,13,22,19,24,32,30,21,25,29,28,26,27
"462",1,1,32,1,2,3,4,5,6,7,8,9,10,11,12,13,14,15,16,17,18,19,20,21,22,23,24,25,26,27,28,29,30,31
"463",0,1,1,2,3,4,5,6,8,7,9,13,32,10,11,12,31,17,14,18,19,24,15,16,30,20,27,29,26,22,25,28,23,21
"464",1,1,32,1,2,3,4,5,6,7,8,9,10,11,12,13,14,15,16,17,18,19,20,21,22,23,24,25,26,27,28,29,30,31
"465",1,1,32,1,2,3,4,5,6,7,8,9,10,11,12,13,14,15,16,17,18,19,20,21,22,23,24,25,26,27,28,29,30,31
"466",1,1,32,1,2,3,4,5,6,7,8,9,10,11,12,13,14,15,16,17,18,19,20,21,22,23,24,25,26,27,28,29,30,31
"467",0,0,1,2,3,6,4,5,10,8,9,7,11,13,32,12,30,15,29,14,18,16,31,17,27,21,19,22,26,28,24,20,23,25
"468",1,0,1,2,3,4,6,5,7,10,9,30,8,11,16,32,14,12,29,22,13,24,17,26,31,15,21,28,25,27,18,23,20,19
"469",1,0,2,1,3,5,6,4,7,13,8,14,16,32,9,29,12,15,31,11,10,28,18,27,24,17,30,19,25,21,20,23,26,22
"470",0,1,1,2,3,4,8,5,6,9,7,12,14,11,32,10,18,13,28,16,15,30,17,31,23,25,20,29,26,22,21,19,24,27
"471",1,1,32,1,2,3,4,5,6,7,8,9,10,11,12,13,14,15,16,17,18,19,20,21,22,23,24,25,26,27,28,29,30,31
"472",0,1,1,2,4,3,5,8,6,7,9,10,17,11,32,16,12,25,13,14,31,30,21,22,15,29,19,24,20,18,23,28,26,27
"473",0,1,1,2,4,6,3,5,9,8,7,10,15,32,11,31,30,29,13,12,28,14,22,17,25,21,18,27,26,24,19,16,20,23
"474",0,0,1,2,3,7,4,9,5,6,12,32,11,8,10,14,17,31,13,18,15,30,25,28,16,23,24,19,29,22,21,20,26,27
"475",1,0,1,2,3,5,4,9,6,8,12,7,11,15,32,10,18,23,14,21,16,13,17,31,20,26,30,19,25,24,22,27,28,29
"476",1,1,32,1,2,3,4,5,6,7,8,9,10,11,12,13,14,15,16,17,18,19,20,21,22,23,24,25,26,27,28,29,30,31
"477",0,1,1,2,3,4,5,6,7,8,9,14,12,11,13,10,32,21,30,17,26,16,31,18,15,22,19,28,23,20,25,24,27,29
"478",0,1,1,4,2,3,7,5,8,6,9,18,11,32,31,13,12,16,14,10,15,30,22,21,17,19,27,26,24,29,28,20,23,25
"479",0,1,1,2,3,4,7,5,6,9,8,12,11,10,13,24,17,32,14,21,18,15,20,16,31,28,23,29,30,26,19,22,27,25
"480",0,0,2,1,3,4,5,7,32,6,28,31,12,10,9,15,13,8,11,14,17,30,29,16,18,19,20,22,27,25,21,26,23,24
"481",0,1,1,2,3,5,4,7,6,32,9,10,8,13,11,31,15,14,30,28,17,12,22,21,29,16,27,26,18,25,23,20,19,24
"482",0,0,1,2,3,4,5,6,9,8,18,12,7,10,32,13,31,11,30,15,17,14,29,16,28,20,25,21,19,22,27,24,26,23
"483",1,0,1,2,3,4,5,6,7,31,22,8,11,14,9,19,12,32,10,29,13,28,16,17,26,30,15,27,18,24,25,20,23,21
"484",0,1,1,2,3,4,5,6,9,8,7,10,11,12,32,17,14,22,28,13,30,18,31,16,15,27,26,29,19,24,23,25,21,20
"485",1,0,1,2,3,4,5,8,7,6,16,9,11,12,21,10,13,18,25,29,30,27,32,15,14,26,31,28,17,23,19,24,20,22
"486",1,0,1,2,3,5,6,4,7,8,9,11,13,31,10,12,32,17,14,21,15,18,27,29,30,16,20,28,19,24,25,26,22,23
"487",0,0,1,2,5,3,4,6,7,8,10,9,11,14,31,12,26,13,32,15,25,20,30,29,24,16,17,28,27,21,22,19,18,23
"488",0,0,1,2,3,4,5,9,7,6,8,10,11,12,31,16,13,17,30,32,14,18,19,15,27,29,20,22,21,28,26,25,23,24
"489",0,1,1,2,3,4,5,6,7,8,9,11,10,32,30,13,18,31,14,12,27,15,26,24,16,25,29,22,17,19,20,28,21,23
"490",0,1,1,2,3,4,5,7,6,8,9,10,31,13,11,15,12,14,32,29,17,16,20,19,18,30,21,22,28,26,27,23,24,25
"491",1,0,1,3,2,4,7,5,6,11,24,8,9,10,12,32,15,31,14,29,13,30,19,18,22,16,25,17,28,23,26,27,21,20
"492",1,1,32,1,2,3,4,5,6,7,8,9,10,11,12,13,14,15,16,17,18,19,20,21,22,23,24,25,26,27,28,29,30,31
"493",0,0,1,2,3,4,7,6,5,12,8,9,10,16,14,13,11,32,20,27,31,28,30,24,21,15,19,25,17,26,22,29,18,23
"494",0,0,1,2,3,4,5,6,7,8,16,9,11,15,13,10,12,17,18,14,19,30,21,20,31,32,25,24,29,26,22,27,28,23
"495",0,1,1,3,2,5,4,6,8,10,7,12,9,11,13,30,22,16,32,27,31,20,18,29,28,25,15,14,26,23,17,21,19,24
"496",1,1,32,1,2,3,4,5,6,7,8,9,10,11,12,13,14,15,16,17,18,19,20,21,22,23,24,25,26,27,28,29,30,31
"497",0,1,1,2,3,5,4,6,7,8,9,15,30,12,10,11,13,17,14,27,32,16,31,29,23,19,18,20,26,25,22,21,28,24
"498",1,1,32,1,2,3,4,5,6,7,8,9,10,11,12,13,14,15,16,17,18,19,20,21,22,23,24,25,26,27,28,29,30,31
"499",1,0,1,2,5,3,4,6,7,10,9,32,8,30,11,13,12,26,29,14,17,16,31,15,27,28,19,18,24,20,21,23,25,22
"500",0,0,1,2,3,4,6,5,7,8,9,11,16,10,12,15,19,17,13,14,30,32,31,29,27,18,20,23,21,22,28,24,26,25
