"","descriptor1","descriptor2","descriptor3","descriptor4","descriptor5","descriptor6","descriptor7","descriptor8","descriptor9","descriptor10","descriptor11","descriptor12","descriptor13","descriptor14","descriptor15","descriptor16","descriptor17","descriptor18","descriptor19","descriptor20","descriptor21","descriptor22","descriptor23","descriptor24","descriptor25","descriptor26","descriptor27","descriptor28","descriptor29","descriptor30","descriptor31","descriptor32","party1","party2","party3","party4","party5","party6","party7","party8","party9","party10","party11","party12","party13","party14","party15","party16","party17","party18","party19","party20","party21","party22","party23","party24","party25","party26","party27","party28","party29","party30","party31","party32"
"1",1,1,0,1,1,0,0,0,0,0,0,0,0,1,1,0,1,0,0,0,1,1,1,1,1,0,0,1,1,1,1,1,32,31,30,29,28,27,26,25,24,23,22,21,20,19,18,17,16,15,14,13,12,11,10,9,8,7,6,5,4,3,2,1
"2",1,1,1,1,0,1,0,0,0,0,0,1,1,1,1,1,1,0,1,1,0,0,0,0,0,1,0,1,0,1,1,0,32,31,30,29,28,27,26,25,24,23,22,21,20,19,18,17,16,15,14,13,12,11,10,9,8,7,6,5,4,3,2,1
"3",1,0,0,1,0,0,0,0,1,0,1,1,0,1,0,1,1,0,1,1,0,1,1,1,1,1,0,1,1,1,0,1,2,1,3,5,4,7,6,10,9,8,32,11,14,12,24,29,26,13,31,16,30,17,15,18,23,20,28,22,19,21,27,25
"4",1,1,0,0,1,1,0,0,1,0,1,0,0,0,0,0,1,0,1,0,1,1,0,0,0,0,1,0,1,0,1,1,32,31,30,29,28,27,26,25,24,23,22,21,20,19,18,17,16,15,14,13,12,11,10,9,8,7,6,5,4,3,2,1
"5",1,1,1,0,1,1,1,1,1,1,0,0,1,0,0,0,0,0,0,1,0,1,1,1,0,0,0,1,0,1,0,0,32,31,30,29,28,27,26,25,24,23,22,21,20,19,18,17,16,15,14,13,12,11,10,9,8,7,6,5,4,3,2,1
"6",0,0,1,0,1,1,1,0,1,1,1,0,1,0,0,0,0,0,1,1,1,1,1,0,1,0,1,1,1,1,1,1,1,2,3,4,5,6,9,7,8,12,11,14,23,10,32,28,13,16,30,15,18,31,17,25,24,29,20,21,27,19,22,26
"7",0,0,1,0,1,1,1,1,1,1,0,1,0,1,0,0,0,1,0,0,0,0,0,1,0,1,1,1,0,1,1,0,1,2,3,6,4,5,8,7,11,32,10,9,16,18,15,21,13,12,31,30,14,26,29,25,19,28,27,17,24,22,20,23
"8",0,0,0,0,0,1,1,0,0,0,1,0,1,1,1,1,0,0,1,0,1,0,1,0,0,1,0,1,0,0,1,1,1,2,3,4,6,5,7,9,26,8,11,15,10,13,12,32,24,22,17,14,20,16,31,21,28,18,19,30,29,27,23,25
"9",0,1,0,1,1,0,1,0,1,0,0,0,0,1,1,0,0,1,0,0,0,1,0,1,0,0,1,0,0,0,0,0,1,2,3,4,5,6,10,7,9,18,8,32,13,31,15,11,14,12,16,17,19,30,22,25,29,27,26,21,20,23,28,24
"10",0,0,1,1,1,0,1,1,0,0,1,0,0,0,0,0,0,1,1,0,0,1,1,0,0,1,0,1,0,0,1,1,1,2,3,4,5,8,6,10,7,31,9,30,12,13,14,11,32,21,29,26,28,16,15,25,23,27,18,19,17,20,24,22
"11",0,0,1,0,0,0,1,1,0,1,0,0,0,1,1,1,0,1,0,1,0,0,1,0,1,1,0,1,1,1,0,1,2,1,3,4,5,7,6,13,8,9,14,11,18,10,12,23,15,20,17,32,16,30,31,27,19,21,26,22,24,25,29,28
"12",0,1,0,0,1,1,1,0,0,1,0,1,1,0,1,0,0,1,1,0,1,0,0,0,0,1,0,1,0,1,1,1,1,2,3,4,5,7,8,6,10,9,12,23,11,15,29,32,31,14,13,17,18,16,19,30,20,27,25,24,26,28,22,21
"13",0,0,1,1,1,0,1,1,0,1,0,0,0,1,0,0,1,0,1,1,0,1,0,0,1,0,0,0,0,1,1,0,1,2,4,3,5,8,7,6,9,10,12,21,31,32,13,11,30,14,17,29,15,16,28,20,19,18,24,25,23,22,26,27
"14",1,1,1,1,0,1,0,0,0,1,1,1,1,1,1,0,0,1,0,0,0,0,0,1,0,0,0,1,1,0,0,0,32,31,30,29,28,27,26,25,24,23,22,21,20,19,18,17,16,15,14,13,12,11,10,9,8,7,6,5,4,3,2,1
"15",0,0,1,1,0,1,0,0,0,1,1,1,0,1,1,0,0,1,0,1,1,0,1,1,0,1,1,0,1,0,1,0,1,2,4,3,5,6,9,7,8,10,11,31,16,15,12,14,30,13,29,32,28,21,25,17,26,27,18,22,19,24,20,23
"16",0,0,1,0,0,1,0,1,0,1,1,1,0,0,1,1,1,0,1,1,1,0,1,1,1,1,0,1,1,0,0,0,1,2,3,4,5,8,6,7,11,32,10,31,9,12,16,17,13,30,14,20,26,15,29,24,28,19,18,23,27,21,22,25
"17",1,0,0,0,0,1,1,1,0,1,0,0,0,1,0,1,0,1,0,0,1,0,0,0,0,0,0,0,1,0,0,0,1,2,3,4,5,6,7,32,31,8,9,13,11,10,28,23,26,12,14,20,27,17,30,15,16,24,21,18,25,19,22,29
"18",1,1,1,0,1,0,0,1,0,1,0,1,1,1,0,1,1,1,0,1,0,0,1,0,1,0,1,1,1,1,1,1,32,31,30,29,28,27,26,25,24,23,22,21,20,19,18,17,16,15,14,13,12,11,10,9,8,7,6,5,4,3,2,1
"19",1,1,1,1,0,0,1,0,0,0,1,0,0,0,0,0,1,0,0,1,1,1,0,1,0,1,0,1,1,0,0,0,32,31,30,29,28,27,26,25,24,23,22,21,20,19,18,17,16,15,14,13,12,11,10,9,8,7,6,5,4,3,2,1
"20",1,1,1,1,0,0,0,0,1,1,0,0,1,1,0,0,1,1,0,1,1,0,0,1,1,0,1,0,1,0,1,0,32,31,30,29,28,27,26,25,24,23,22,21,20,19,18,17,16,15,14,13,12,11,10,9,8,7,6,5,4,3,2,1
"21",1,1,1,0,1,1,1,1,1,0,1,1,0,0,1,1,1,1,0,1,1,1,1,0,1,0,0,0,0,0,0,1,32,31,30,29,28,27,26,25,24,23,22,21,20,19,18,17,16,15,14,13,12,11,10,9,8,7,6,5,4,3,2,1
"22",0,0,0,0,1,0,0,0,0,0,0,1,0,1,0,0,1,1,1,1,1,1,1,0,1,1,0,0,0,1,1,1,2,1,3,4,5,10,6,7,16,8,9,11,19,17,12,15,13,14,26,29,31,24,21,20,32,18,28,30,22,25,27,23
"23",0,1,0,1,0,1,1,1,0,1,1,0,1,0,0,1,1,1,1,0,1,0,1,1,0,1,1,1,1,0,0,1,1,3,2,4,6,5,7,10,9,8,12,11,13,16,18,21,15,17,14,26,31,32,30,28,20,19,25,24,29,27,23,22
"24",0,0,1,1,0,0,1,0,0,0,1,0,1,0,1,1,1,1,0,1,0,0,0,1,1,1,0,1,1,0,0,1,1,3,2,4,7,5,8,6,9,30,11,10,12,28,14,31,13,16,15,29,32,25,26,17,27,20,18,19,24,23,21,22
"25",0,0,1,0,1,0,0,1,1,0,0,0,1,1,1,1,0,1,0,0,1,1,0,1,1,0,1,1,0,0,1,1,1,2,3,4,6,5,9,8,12,32,30,7,13,31,10,29,14,11,15,19,27,16,28,23,18,17,26,22,24,20,25,21
"26",0,1,0,1,1,1,0,1,0,0,0,0,1,0,0,0,0,1,1,0,1,1,0,1,0,1,0,1,0,0,0,1,1,2,4,3,6,5,7,16,8,25,9,10,31,11,28,14,20,12,13,32,15,29,22,30,24,23,26,18,27,17,19,21
"27",0,0,0,0,0,1,0,0,1,1,0,1,1,0,0,1,1,0,0,1,1,0,0,0,1,1,0,0,0,1,0,0,1,3,2,4,5,10,6,12,7,15,8,32,9,25,16,14,28,19,11,13,31,27,29,24,30,22,26,20,21,17,23,18
"28",0,1,0,1,0,1,0,1,0,0,1,0,1,0,0,1,1,0,0,0,1,1,0,1,0,1,0,0,1,0,0,0,1,2,3,4,5,14,6,7,9,8,12,11,10,15,13,32,31,30,20,25,26,21,16,28,27,29,18,19,23,17,24,22
"29",1,1,0,1,0,1,1,0,0,1,1,0,0,0,1,0,1,0,0,1,1,0,0,0,1,1,0,1,0,0,1,1,32,31,30,29,28,27,26,25,24,23,22,21,20,19,18,17,16,15,14,13,12,11,10,9,8,7,6,5,4,3,2,1
"30",1,0,0,0,1,0,0,1,0,1,0,1,0,1,0,1,0,0,0,0,0,1,0,0,0,0,1,0,1,0,0,0,1,2,4,3,5,6,7,8,12,9,28,13,11,31,10,29,27,32,15,25,30,23,22,24,18,16,14,19,21,26,20,17
"31",0,1,1,1,0,1,0,0,0,0,0,1,0,1,1,0,1,1,0,0,0,1,1,0,1,0,0,0,1,0,0,0,1,4,2,3,5,7,6,9,10,8,13,32,12,26,28,16,11,15,25,30,31,24,14,27,23,17,29,19,18,22,21,20
"32",0,0,1,0,1,0,1,0,0,0,1,0,1,1,0,0,0,1,0,0,0,1,0,0,1,1,1,1,0,0,1,1,1,2,3,4,5,6,24,7,11,8,26,9,32,31,10,12,29,18,28,13,27,15,30,25,14,19,20,16,22,21,23,17
"33",1,1,0,1,0,1,1,0,1,0,0,1,1,1,1,0,0,1,0,0,0,0,1,1,1,1,0,1,0,0,1,1,32,31,30,29,28,27,26,25,24,23,22,21,20,19,18,17,16,15,14,13,12,11,10,9,8,7,6,5,4,3,2,1
"34",0,0,0,1,1,1,0,0,1,1,1,0,1,0,0,0,0,0,0,0,0,1,0,1,1,1,1,0,0,1,0,0,1,2,3,4,5,6,7,8,9,10,15,14,11,22,32,13,12,25,31,16,18,20,28,17,23,30,29,19,27,24,26,21
"35",1,0,0,1,0,0,1,1,0,0,0,0,1,0,1,1,0,0,0,0,0,1,0,0,1,0,1,0,1,1,1,1,1,3,2,4,5,6,7,29,9,32,8,13,11,10,30,12,14,24,31,16,27,25,28,15,17,19,20,26,18,23,22,21
"36",0,0,0,1,0,1,1,1,0,0,0,0,1,1,0,1,0,1,1,1,1,0,0,0,1,0,0,1,0,1,0,1,1,2,3,5,4,8,7,6,32,12,9,10,30,11,26,18,14,27,31,29,15,13,28,16,24,20,23,25,21,17,22,19
"37",1,1,0,1,1,1,0,1,1,1,0,1,0,0,1,0,0,1,0,0,1,1,0,0,1,0,0,1,0,1,0,0,32,31,30,29,28,27,26,25,24,23,22,21,20,19,18,17,16,15,14,13,12,11,10,9,8,7,6,5,4,3,2,1
"38",1,1,1,0,0,1,0,1,0,1,0,0,1,1,1,0,0,1,0,0,0,1,0,1,1,1,1,1,0,0,0,1,32,31,30,29,28,27,26,25,24,23,22,21,20,19,18,17,16,15,14,13,12,11,10,9,8,7,6,5,4,3,2,1
"39",1,0,0,1,0,0,1,1,1,0,1,1,1,0,0,0,1,0,1,0,1,0,1,1,1,0,0,1,0,0,1,0,1,2,3,4,5,7,6,8,10,12,11,9,32,29,25,15,31,28,13,30,18,19,14,17,16,24,22,20,27,21,26,23
"40",0,1,1,0,1,1,0,1,0,0,1,0,0,1,1,1,1,0,1,0,1,0,0,1,1,0,0,1,0,1,0,1,1,3,2,4,7,5,32,31,16,8,6,18,9,10,11,12,29,28,30,13,27,26,25,19,22,17,23,14,20,21,24,15
"41",1,1,1,1,0,1,1,0,0,0,1,1,0,1,0,1,0,1,0,1,0,0,0,0,0,1,0,0,0,0,1,1,32,31,30,29,28,27,26,25,24,23,22,21,20,19,18,17,16,15,14,13,12,11,10,9,8,7,6,5,4,3,2,1
"42",1,0,1,1,0,0,1,0,0,1,1,1,0,0,0,0,0,1,0,1,1,1,1,1,1,1,0,1,0,1,0,0,1,2,4,3,5,7,9,6,8,32,10,14,13,26,12,11,29,31,30,15,17,27,25,16,28,18,24,23,21,19,20,22
"43",0,1,0,0,0,1,0,0,0,1,0,0,0,1,0,1,1,1,0,0,1,1,1,0,1,0,0,1,1,1,0,0,2,1,3,5,4,6,8,7,9,31,16,12,11,29,10,32,13,14,19,17,15,21,30,18,26,22,20,23,24,27,25,28
"44",1,1,0,1,1,1,1,1,0,1,0,1,0,1,1,1,1,0,1,0,0,0,1,1,0,0,0,0,1,1,0,1,32,31,30,29,28,27,26,25,24,23,22,21,20,19,18,17,16,15,14,13,12,11,10,9,8,7,6,5,4,3,2,1
"45",1,1,1,1,0,0,0,1,0,0,0,1,1,0,1,1,1,0,1,1,0,1,1,0,1,1,1,1,0,0,1,0,32,31,30,29,28,27,26,25,24,23,22,21,20,19,18,17,16,15,14,13,12,11,10,9,8,7,6,5,4,3,2,1
"46",0,1,1,0,0,1,1,0,1,1,0,0,1,1,1,1,1,1,1,1,1,1,0,1,0,0,1,0,0,1,1,1,1,2,4,3,5,8,6,7,11,32,9,12,10,31,16,15,18,17,29,13,14,23,21,20,30,19,25,22,26,24,28,27
"47",1,1,1,0,0,1,1,0,0,0,1,1,0,1,1,1,1,0,0,0,0,0,1,0,0,1,0,0,0,1,1,0,32,31,30,29,28,27,26,25,24,23,22,21,20,19,18,17,16,15,14,13,12,11,10,9,8,7,6,5,4,3,2,1
"48",1,1,0,0,0,0,1,1,0,0,1,0,1,1,1,1,1,1,1,1,0,0,0,1,0,0,1,1,0,0,1,1,32,31,30,29,28,27,26,25,24,23,22,21,20,19,18,17,16,15,14,13,12,11,10,9,8,7,6,5,4,3,2,1
"49",0,0,1,1,1,0,0,1,1,1,1,1,1,0,1,1,1,0,0,1,0,0,0,0,1,1,0,1,0,0,0,1,1,3,2,4,6,7,5,8,9,26,29,32,10,28,30,31,14,25,11,23,12,27,24,15,21,13,22,19,16,20,17,18
"50",1,1,1,1,1,1,0,0,1,0,0,0,0,0,1,0,1,1,0,1,0,1,0,1,1,0,0,1,0,0,1,1,32,31,30,29,28,27,26,25,24,23,22,21,20,19,18,17,16,15,14,13,12,11,10,9,8,7,6,5,4,3,2,1
"51",1,0,1,1,0,0,0,1,1,1,0,1,1,1,1,0,0,0,1,0,0,0,1,1,1,1,1,1,0,1,0,1,2,1,3,4,5,7,8,6,9,10,11,15,13,12,27,30,32,31,14,29,24,16,28,17,26,20,18,19,25,23,21,22
"52",0,1,1,1,1,0,1,0,1,0,0,1,0,1,1,0,0,1,1,0,1,0,0,1,0,0,1,1,1,0,1,0,1,2,3,4,5,8,11,6,7,10,9,17,32,12,20,14,16,13,15,30,31,29,23,26,21,25,22,18,24,19,27,28
"53",0,1,1,1,1,0,0,0,1,1,0,1,0,1,1,0,1,1,1,0,1,0,1,1,0,1,1,1,0,1,1,0,1,2,3,5,4,6,7,9,8,16,12,31,32,10,11,30,29,13,20,14,28,18,15,27,24,25,26,17,23,21,19,22
"54",1,0,1,0,1,0,1,0,1,1,0,0,1,0,1,0,0,0,1,0,0,0,0,1,1,0,0,0,1,0,1,0,1,2,3,4,6,7,5,9,8,32,16,13,23,10,11,12,21,14,17,15,31,19,18,22,30,20,29,25,26,27,28,24
"55",1,0,1,1,1,0,1,1,1,1,1,1,0,0,0,1,1,0,1,1,0,0,0,1,0,0,0,0,0,1,1,0,1,2,3,5,4,6,8,12,7,10,9,11,31,13,19,14,15,29,17,16,32,30,28,20,26,18,24,27,21,22,25,23
"56",1,1,0,1,1,1,0,1,1,1,1,0,1,0,1,1,1,1,1,0,1,1,1,1,0,0,1,1,0,0,0,0,32,31,30,29,28,27,26,25,24,23,22,21,20,19,18,17,16,15,14,13,12,11,10,9,8,7,6,5,4,3,2,1
"57",0,1,0,0,0,0,0,0,0,0,1,0,1,0,0,1,0,1,0,0,0,0,0,0,0,1,1,1,1,1,1,1,1,2,3,4,5,9,7,6,8,19,11,10,32,13,14,12,18,30,17,31,29,15,16,27,25,20,26,22,21,24,23,28
"58",1,1,1,1,0,0,0,0,1,1,1,0,1,0,1,1,1,1,1,1,1,0,1,0,1,1,1,0,1,1,1,1,32,31,30,29,28,27,26,25,24,23,22,21,20,19,18,17,16,15,14,13,12,11,10,9,8,7,6,5,4,3,2,1
"59",0,0,0,0,1,0,1,1,1,1,0,0,1,0,1,0,0,0,0,1,1,0,1,1,0,0,0,1,1,0,0,1,1,2,3,4,5,6,8,7,32,12,31,23,13,14,9,30,10,11,24,16,17,28,26,29,15,18,27,19,25,22,21,20
"60",0,1,0,1,0,0,0,1,0,0,0,0,1,0,1,0,0,0,0,1,0,0,1,0,1,1,0,1,0,0,1,1,1,2,4,3,5,7,6,8,9,11,17,13,10,12,31,15,14,18,21,32,16,19,28,23,24,20,30,22,25,27,26,29
"61",1,0,0,0,1,1,0,0,1,0,0,1,1,0,0,1,0,1,0,0,0,1,0,0,0,0,0,0,1,0,1,0,2,1,3,4,5,6,8,7,10,9,32,29,14,11,30,31,28,12,27,17,13,25,20,23,22,15,26,19,24,18,16,21
"62",0,0,0,1,0,1,1,1,0,1,0,1,1,0,0,1,1,1,0,1,1,0,0,1,0,0,0,0,1,0,1,1,1,2,3,4,5,8,6,7,9,10,20,11,12,18,16,32,13,25,15,17,22,21,14,30,24,31,19,23,29,28,26,27
"63",0,1,0,0,1,1,1,1,0,0,0,1,0,0,1,1,1,0,0,1,1,0,1,0,1,0,1,1,1,0,0,1,2,1,4,3,5,6,7,9,8,10,11,12,21,13,32,23,14,15,31,20,17,19,29,16,18,30,22,28,26,25,27,24
"64",1,0,1,1,0,1,1,0,0,0,0,0,0,1,0,1,0,1,0,1,1,0,1,1,0,1,1,0,1,1,0,0,1,2,4,3,5,6,7,8,10,9,11,31,12,32,18,15,13,29,26,17,19,14,28,30,27,16,24,23,20,21,25,22
"65",1,1,0,0,0,1,0,0,0,1,0,0,0,1,1,1,1,1,0,1,0,0,1,1,0,1,0,1,0,1,1,0,32,31,30,29,28,27,26,25,24,23,22,21,20,19,18,17,16,15,14,13,12,11,10,9,8,7,6,5,4,3,2,1
"66",0,1,0,0,0,1,1,0,0,0,1,0,1,0,0,1,1,0,0,1,0,0,0,1,1,0,1,1,1,0,1,1,1,2,3,4,6,5,8,7,9,10,13,14,11,24,12,32,17,29,15,26,30,16,31,18,21,20,22,28,23,19,25,27
"67",0,1,1,0,0,0,1,0,0,1,0,1,1,0,0,0,1,0,1,1,1,0,0,1,1,1,0,0,0,0,1,1,1,2,3,5,4,6,7,9,29,8,32,17,10,31,12,11,28,30,23,25,15,21,27,26,14,20,19,13,18,24,16,22
"68",1,0,1,0,0,1,0,1,0,1,1,1,1,0,0,1,0,1,0,0,0,0,1,0,1,0,0,1,0,0,0,0,1,2,4,3,6,5,32,7,9,8,10,11,21,12,14,13,31,15,16,30,20,17,18,19,27,29,26,22,23,25,28,24
"69",0,1,1,1,1,0,0,1,0,1,1,0,1,0,0,0,1,0,0,1,1,1,1,0,0,0,0,0,1,1,0,0,1,2,3,7,4,6,5,13,8,9,11,12,32,28,10,16,18,26,30,29,31,15,24,14,22,27,20,19,17,25,21,23
"70",1,1,0,1,0,1,0,0,0,1,0,0,1,1,0,1,0,1,0,1,0,1,0,0,1,0,1,1,1,1,1,1,32,31,30,29,28,27,26,25,24,23,22,21,20,19,18,17,16,15,14,13,12,11,10,9,8,7,6,5,4,3,2,1
"71",0,0,1,1,1,0,1,1,0,0,0,1,1,0,1,1,1,0,0,1,1,0,0,1,0,0,1,0,1,0,0,1,1,2,3,4,6,10,7,8,5,14,11,9,31,15,22,13,32,30,12,16,23,28,29,19,20,25,17,26,18,27,24,21
"72",0,1,0,1,1,1,1,1,0,1,0,1,1,1,1,1,0,1,0,1,1,0,1,0,1,1,0,1,0,0,1,0,1,2,3,5,4,7,6,10,8,13,12,9,11,14,18,21,31,16,32,15,17,30,20,27,24,22,29,19,25,28,23,26
"73",1,1,0,1,0,1,0,1,1,1,0,0,0,1,1,1,1,0,1,1,1,1,1,0,1,0,0,0,1,1,1,0,32,31,30,29,28,27,26,25,24,23,22,21,20,19,18,17,16,15,14,13,12,11,10,9,8,7,6,5,4,3,2,1
"74",0,0,1,1,0,0,1,1,1,1,1,0,0,0,0,1,0,0,1,1,0,0,0,0,1,0,0,1,1,1,1,1,1,2,3,4,6,5,7,8,9,10,31,13,11,12,17,27,32,30,20,14,15,19,22,18,23,28,16,29,21,26,24,25
"75",0,0,1,0,1,0,1,1,1,0,1,1,0,1,1,0,1,1,1,1,1,1,1,1,1,0,1,1,1,1,1,1,1,2,5,4,3,10,7,6,9,11,23,8,13,15,12,18,14,32,16,22,17,19,31,30,29,28,21,20,26,27,24,25
"76",0,0,0,1,0,1,0,0,0,1,1,0,1,0,1,1,0,0,0,0,0,1,1,1,0,1,0,0,1,0,0,0,1,2,3,5,4,6,8,12,7,10,15,9,11,14,13,16,18,31,24,32,20,27,17,30,29,19,23,26,25,28,22,21
"77",1,0,0,0,1,0,1,0,1,0,0,1,0,1,0,0,1,0,0,0,0,0,0,1,0,1,0,1,1,1,1,0,1,2,3,5,4,6,7,9,8,11,32,10,30,15,12,31,17,14,26,16,13,18,19,23,20,22,29,24,21,28,27,25
"78",0,0,1,1,1,0,1,0,0,0,0,0,0,1,1,1,1,0,1,1,1,0,1,0,1,1,0,0,1,0,1,1,1,2,3,4,5,6,7,8,9,12,10,18,13,11,16,19,15,28,21,17,31,14,20,32,30,22,26,25,24,23,29,27
"79",0,0,1,1,0,1,1,0,1,0,1,0,0,0,1,0,0,1,1,1,0,0,0,1,1,0,0,1,1,1,1,1,1,2,3,4,10,5,6,14,9,7,8,11,12,13,30,27,32,18,15,19,16,23,17,31,29,20,21,22,28,25,26,24
"80",0,1,1,0,1,0,1,1,0,0,1,0,0,0,0,0,0,0,1,0,0,1,1,1,0,0,1,1,0,0,0,0,1,2,3,4,5,7,6,8,12,10,9,14,13,11,28,18,15,30,32,22,16,17,19,31,21,27,20,26,25,29,24,23
"81",1,1,1,1,0,0,1,0,0,1,1,1,1,1,0,0,1,1,0,1,0,1,0,1,1,1,1,0,1,1,1,1,32,31,30,29,28,27,26,25,24,23,22,21,20,19,18,17,16,15,14,13,12,11,10,9,8,7,6,5,4,3,2,1
"82",1,0,1,1,0,1,0,1,0,1,0,0,0,1,1,0,1,0,0,0,1,1,1,0,1,1,0,0,1,0,0,0,1,2,3,4,5,6,19,7,12,8,9,10,31,32,11,30,13,29,18,16,15,14,28,26,25,22,23,24,17,27,20,21
"83",1,1,1,1,0,0,1,1,1,1,1,1,0,0,1,1,0,1,1,0,1,0,0,1,1,0,0,1,1,0,1,1,32,31,30,29,28,27,26,25,24,23,22,21,20,19,18,17,16,15,14,13,12,11,10,9,8,7,6,5,4,3,2,1
"84",0,1,1,1,1,1,1,0,1,0,0,1,0,1,0,0,1,1,1,0,1,1,1,0,0,1,0,1,0,0,0,1,1,2,4,3,5,6,7,8,9,12,11,10,32,15,26,14,13,25,22,31,17,30,18,19,29,28,16,27,20,23,21,24
"85",0,1,0,0,0,1,1,1,1,1,1,0,1,1,1,1,0,0,0,0,0,1,0,1,0,0,0,0,1,0,1,0,1,2,3,5,4,6,9,7,12,8,16,10,11,14,18,13,19,15,32,31,25,17,30,20,26,24,21,29,28,22,23,27
"86",1,1,0,1,1,0,0,1,1,0,1,1,0,0,1,1,0,0,0,1,0,1,1,0,1,0,1,0,0,1,1,0,32,31,30,29,28,27,26,25,24,23,22,21,20,19,18,17,16,15,14,13,12,11,10,9,8,7,6,5,4,3,2,1
"87",0,1,0,1,1,0,1,1,1,0,0,0,1,1,1,0,1,0,1,1,1,0,1,0,0,0,0,1,0,1,0,0,1,2,3,4,5,8,6,9,7,12,13,10,15,11,14,19,32,29,18,16,17,21,26,30,20,31,23,28,27,22,24,25
"88",0,1,0,0,0,1,1,0,0,0,0,1,1,1,0,0,1,1,1,1,0,0,0,0,1,1,1,1,0,0,1,0,1,2,3,5,4,6,7,8,9,10,27,32,12,31,11,15,21,28,14,30,24,13,29,26,18,20,16,25,23,17,22,19
"89",1,0,1,1,0,1,0,0,0,0,0,0,0,1,0,1,1,1,0,1,1,0,0,0,0,1,1,1,1,1,1,0,1,2,4,3,5,6,7,12,9,8,13,10,11,32,23,14,15,31,27,16,30,29,25,28,17,26,19,24,20,22,18,21
"90",0,0,0,0,0,0,0,0,0,1,0,1,0,0,1,0,1,1,1,1,1,0,0,1,0,0,0,1,0,0,0,1,1,2,3,4,5,6,10,9,7,8,11,30,13,12,28,14,18,15,31,32,26,29,16,17,19,25,27,23,20,24,22,21
"91",1,0,0,0,1,1,1,0,0,1,0,0,1,0,1,0,0,0,0,1,1,0,1,1,1,0,1,0,0,1,0,0,1,2,5,4,6,3,9,7,8,13,11,10,27,12,17,16,30,14,28,32,15,21,19,22,18,20,31,23,25,24,26,29
"92",1,0,1,0,1,1,0,1,0,0,0,1,1,0,0,1,1,0,0,1,0,0,1,1,0,0,1,1,1,1,0,0,1,2,3,4,6,5,7,8,10,9,13,12,15,14,11,16,17,25,22,19,32,31,18,27,30,24,21,23,29,28,20,26
"93",1,1,0,0,1,1,0,0,0,1,0,1,1,1,0,0,1,0,1,0,0,1,1,1,1,0,0,1,0,1,1,0,32,31,30,29,28,27,26,25,24,23,22,21,20,19,18,17,16,15,14,13,12,11,10,9,8,7,6,5,4,3,2,1
"94",1,1,1,0,1,0,0,0,1,1,0,0,0,0,0,1,0,1,0,0,1,0,1,0,0,0,0,0,0,1,0,1,32,31,30,29,28,27,26,25,24,23,22,21,20,19,18,17,16,15,14,13,12,11,10,9,8,7,6,5,4,3,2,1
"95",0,1,0,1,1,0,1,0,0,1,1,0,1,0,1,0,1,1,1,0,1,0,0,1,0,1,0,1,0,0,1,1,1,2,3,5,4,7,9,6,8,12,11,10,28,13,15,14,32,16,31,30,17,27,18,26,29,20,23,22,21,19,25,24
"96",1,0,1,1,0,1,1,0,0,1,0,0,1,0,1,1,1,0,0,0,1,1,1,1,1,1,1,1,0,1,0,1,1,2,3,5,4,7,6,9,8,13,17,30,10,11,32,21,31,12,15,14,19,29,16,18,25,27,26,23,28,24,20,22
"97",1,0,0,0,1,0,1,0,1,1,0,1,1,0,1,1,1,1,1,1,0,0,0,0,1,0,1,1,0,1,0,0,1,2,3,6,5,4,7,9,8,10,13,29,11,12,20,19,14,24,15,32,30,16,17,21,18,28,26,27,22,31,23,25
"98",0,1,0,1,1,0,0,0,1,1,0,0,1,0,0,0,1,0,1,1,1,0,1,0,1,0,0,0,0,0,1,1,1,2,3,4,5,7,8,6,32,10,12,9,11,22,15,25,30,13,31,29,28,18,16,14,27,26,17,23,24,21,20,19
"99",0,0,0,1,0,0,1,0,0,1,0,1,1,1,0,0,0,1,1,0,1,0,1,1,0,0,1,1,1,1,1,0,1,2,3,7,5,4,10,6,9,8,11,12,13,14,30,32,16,25,23,15,20,17,19,28,18,24,27,22,31,29,26,21
"100",1,1,1,0,1,1,0,1,0,0,0,1,0,0,1,1,1,1,0,1,0,0,1,0,0,0,1,1,1,1,1,0,32,31,30,29,28,27,26,25,24,23,22,21,20,19,18,17,16,15,14,13,12,11,10,9,8,7,6,5,4,3,2,1
"101",0,0,1,0,1,0,1,0,1,0,0,1,1,0,1,0,1,0,1,1,0,1,0,0,0,0,1,1,1,1,0,0,1,2,3,4,5,6,12,7,9,8,10,27,31,11,14,13,32,15,16,30,29,18,25,17,19,28,22,20,23,26,24,21
"102",0,0,1,1,1,0,1,1,0,1,1,1,0,1,1,0,0,0,1,1,0,0,1,1,1,0,1,0,1,0,1,0,1,2,3,4,5,6,8,7,11,10,14,9,12,15,13,18,16,20,19,32,31,17,26,30,21,25,22,27,23,24,28,29
"103",1,0,1,0,0,0,1,0,0,0,0,0,0,0,1,0,0,1,1,0,1,1,0,1,0,1,0,0,1,0,0,1,1,2,3,4,6,5,7,8,9,17,10,32,15,11,30,12,13,14,19,31,23,18,16,24,29,27,25,28,20,22,21,26
"104",1,0,1,1,1,0,1,0,0,0,1,0,0,1,0,0,1,0,1,1,0,1,0,0,1,1,0,0,1,0,1,0,2,1,3,8,4,6,5,11,10,7,18,9,13,12,27,32,29,14,15,30,23,17,16,28,31,19,22,24,21,20,26,25
"105",0,0,0,0,0,1,0,0,1,0,0,0,0,1,0,1,0,0,1,1,0,0,0,0,0,0,1,1,1,1,0,1,2,1,4,3,5,6,7,8,13,9,15,32,29,12,14,31,10,11,27,30,17,18,23,19,16,28,26,24,20,25,22,21
"106",1,0,1,1,0,1,1,1,1,1,1,1,0,1,1,1,1,1,0,0,0,1,1,0,0,0,1,0,0,0,0,0,1,2,3,4,5,8,6,7,10,9,32,11,23,31,12,14,13,18,16,17,25,15,22,24,19,30,28,20,26,27,21,29
"107",1,0,0,1,0,0,0,0,1,1,1,0,1,0,0,0,0,0,0,0,0,1,0,1,0,0,1,1,1,0,0,0,1,2,3,6,4,5,7,9,32,8,12,31,10,11,29,15,30,13,17,23,18,14,28,26,27,16,20,22,24,25,19,21
"108",0,0,1,1,1,0,0,1,0,1,1,0,0,1,1,0,0,1,0,0,1,0,0,1,0,1,0,1,1,1,1,1,2,1,4,5,3,6,7,8,12,9,11,10,32,13,15,31,14,17,30,16,29,24,19,26,22,27,25,28,18,20,21,23
"109",0,0,0,0,1,0,0,0,1,1,0,0,0,0,0,1,1,1,1,0,1,1,0,1,0,1,1,1,0,0,1,1,1,3,2,4,6,5,7,8,32,9,11,10,16,31,13,15,26,29,22,27,12,28,24,30,14,20,17,19,18,21,25,23
"110",0,0,0,0,1,1,0,1,0,1,0,0,1,0,0,0,0,0,1,0,1,0,0,0,1,0,0,0,1,0,1,1,1,2,3,5,4,7,12,6,10,30,9,13,8,11,17,18,14,19,31,32,16,15,29,21,20,25,24,23,27,28,26,22
"111",0,0,1,0,0,1,1,1,1,0,0,0,1,1,1,1,1,1,1,1,0,1,1,0,0,1,1,1,1,0,1,0,1,2,3,4,5,6,7,10,31,8,9,32,12,11,30,29,14,28,13,24,27,26,25,17,15,20,16,19,23,22,18,21
"112",0,0,1,0,1,1,0,0,1,0,1,1,1,0,1,1,1,1,0,0,1,0,0,0,1,0,0,1,1,0,0,0,1,2,3,4,5,6,9,7,10,12,8,11,18,16,17,13,14,20,19,15,26,24,22,32,31,21,23,25,29,30,28,27
"113",0,1,0,1,0,1,0,0,0,0,1,1,0,1,0,0,0,1,1,0,0,0,0,1,0,0,1,1,0,1,1,1,1,2,3,4,5,6,7,8,9,11,10,13,12,15,17,30,23,29,27,31,14,26,32,22,18,16,28,24,25,19,21,20
"114",0,1,0,1,0,0,1,1,1,1,1,1,0,0,0,0,0,1,1,0,0,0,0,1,1,1,0,0,0,0,0,1,1,2,3,5,4,6,7,9,11,8,32,30,20,15,14,31,10,18,17,29,27,12,13,16,19,23,21,22,24,26,28,25
"115",1,1,1,0,1,0,1,0,0,0,0,0,0,1,0,0,1,0,1,1,0,0,1,1,0,0,1,1,1,0,0,0,32,31,30,29,28,27,26,25,24,23,22,21,20,19,18,17,16,15,14,13,12,11,10,9,8,7,6,5,4,3,2,1
"116",0,0,1,0,0,1,0,1,1,1,1,1,0,0,1,0,1,1,1,0,0,1,1,0,1,1,0,0,0,0,1,0,1,2,3,6,4,5,7,12,9,8,11,32,10,14,13,30,18,15,21,31,16,17,22,29,23,26,20,19,25,27,28,24
"117",0,1,1,0,1,1,0,1,1,1,0,1,1,1,1,0,0,0,0,0,1,0,0,0,1,1,1,0,0,1,1,1,1,2,3,4,6,5,7,32,9,11,15,8,14,12,10,13,30,31,29,18,17,28,21,19,25,16,22,24,27,26,23,20
"118",0,1,0,1,1,0,1,0,0,1,1,0,0,0,1,1,0,0,0,1,0,0,1,0,1,0,1,0,0,1,0,1,1,2,3,4,5,7,6,10,9,11,13,8,30,32,12,31,28,16,14,27,29,26,19,15,25,23,17,24,21,22,18,20
"119",1,0,1,0,1,0,1,1,1,1,1,0,0,0,1,0,0,1,0,1,0,1,1,1,0,0,1,1,1,0,1,0,2,1,3,4,6,5,31,10,7,8,15,11,9,12,16,14,13,18,23,32,17,21,19,28,20,25,30,29,22,26,27,24
"120",1,1,0,0,0,0,0,0,1,1,1,0,0,0,1,1,1,1,0,0,1,0,0,0,1,0,1,0,0,1,0,0,32,31,30,29,28,27,26,25,24,23,22,21,20,19,18,17,16,15,14,13,12,11,10,9,8,7,6,5,4,3,2,1
"121",1,0,0,1,0,0,0,0,1,0,0,0,1,1,0,1,1,0,1,1,1,0,1,0,1,1,0,0,1,0,1,0,1,3,2,4,5,11,6,7,8,9,10,13,15,14,32,16,12,21,17,18,20,19,27,31,26,22,23,24,25,30,29,28
"122",1,1,1,1,1,0,0,0,0,1,0,1,0,0,0,0,1,1,1,1,1,1,1,1,0,0,1,1,0,0,1,1,32,31,30,29,28,27,26,25,24,23,22,21,20,19,18,17,16,15,14,13,12,11,10,9,8,7,6,5,4,3,2,1
"123",1,1,1,1,0,1,0,1,0,1,0,0,1,1,1,0,1,1,1,1,0,1,0,1,1,1,0,1,0,0,0,1,32,31,30,29,28,27,26,25,24,23,22,21,20,19,18,17,16,15,14,13,12,11,10,9,8,7,6,5,4,3,2,1
"124",1,1,1,0,0,0,0,0,0,0,0,0,0,1,1,0,1,1,1,0,1,1,0,1,0,0,0,1,1,0,1,1,32,31,30,29,28,27,26,25,24,23,22,21,20,19,18,17,16,15,14,13,12,11,10,9,8,7,6,5,4,3,2,1
"125",1,1,1,1,0,1,1,1,0,0,1,0,0,0,0,0,0,0,0,0,0,0,1,0,1,1,0,1,1,1,1,1,32,31,30,29,28,27,26,25,24,23,22,21,20,19,18,17,16,15,14,13,12,11,10,9,8,7,6,5,4,3,2,1
"126",1,1,1,1,0,0,0,0,0,0,1,0,0,0,0,1,0,0,1,1,1,0,0,1,0,0,1,1,0,0,1,1,32,31,30,29,28,27,26,25,24,23,22,21,20,19,18,17,16,15,14,13,12,11,10,9,8,7,6,5,4,3,2,1
"127",1,0,0,0,1,0,1,0,0,1,0,1,0,1,0,0,0,0,0,0,0,1,0,1,0,1,0,0,0,1,1,0,1,2,4,3,5,11,6,12,13,16,9,7,8,10,14,23,17,18,15,31,20,32,29,24,25,26,19,30,21,28,22,27
"128",0,1,0,1,1,0,0,1,1,0,1,0,0,1,0,1,1,0,1,1,1,0,0,1,1,0,1,1,1,0,1,1,1,2,4,3,6,5,7,8,9,27,15,16,10,20,32,12,11,18,30,17,14,13,31,19,22,26,25,21,24,23,29,28
"129",1,1,0,1,0,0,1,1,1,0,0,0,1,0,1,1,1,0,0,1,1,1,0,1,1,1,1,1,1,1,0,0,32,31,30,29,28,27,26,25,24,23,22,21,20,19,18,17,16,15,14,13,12,11,10,9,8,7,6,5,4,3,2,1
"130",0,0,0,0,1,0,0,0,1,1,0,0,1,1,0,1,0,1,1,1,0,1,1,1,0,0,0,1,0,1,0,1,1,3,2,4,5,8,6,29,32,30,7,31,10,14,9,16,12,11,26,13,25,27,28,17,21,15,24,18,23,19,20,22
"131",1,0,1,0,0,0,1,1,0,0,1,1,0,0,0,0,1,0,0,1,0,1,1,1,1,1,1,0,0,1,1,1,1,2,3,4,7,5,32,6,8,9,13,30,10,31,16,12,29,17,11,28,14,15,20,27,18,22,19,24,26,25,23,21
"132",1,1,0,0,0,1,1,1,0,1,0,0,0,0,1,0,1,0,1,1,0,0,0,1,1,0,1,0,0,1,0,0,32,31,30,29,28,27,26,25,24,23,22,21,20,19,18,17,16,15,14,13,12,11,10,9,8,7,6,5,4,3,2,1
"133",0,1,0,0,0,0,1,0,1,0,0,1,1,1,0,1,0,1,1,0,1,1,0,0,0,0,1,1,0,1,0,1,1,3,2,4,5,6,8,9,7,13,10,11,19,31,12,32,14,16,28,15,30,26,17,18,20,24,27,21,29,23,22,25
"134",0,0,1,1,1,0,0,0,1,1,1,1,1,0,0,0,0,1,0,0,1,0,0,0,0,0,0,0,0,0,0,0,1,4,2,3,5,6,7,8,16,19,9,11,10,15,13,18,14,30,12,25,20,29,32,31,17,26,27,23,28,21,22,24
"135",0,1,0,0,1,0,1,1,1,1,1,0,0,0,1,0,0,0,0,0,0,1,1,0,1,0,0,1,0,0,1,0,1,2,3,5,4,6,32,8,22,7,11,9,13,10,17,31,26,19,12,30,14,28,15,16,29,21,25,18,27,23,20,24
"136",0,1,0,1,1,1,1,1,1,0,1,1,1,0,1,0,1,0,1,1,0,0,1,0,0,1,0,1,0,1,0,1,1,2,3,4,5,7,6,9,8,10,24,18,11,15,13,12,14,16,17,19,32,23,20,28,31,30,26,21,29,22,27,25
"137",1,1,1,0,1,1,1,0,0,1,0,0,0,0,0,1,1,1,1,1,1,0,0,0,0,1,0,1,0,0,1,0,32,31,30,29,28,27,26,25,24,23,22,21,20,19,18,17,16,15,14,13,12,11,10,9,8,7,6,5,4,3,2,1
"138",0,0,0,0,0,0,1,0,1,0,0,0,0,0,1,0,1,0,0,0,0,0,0,0,1,1,0,0,0,0,1,0,1,2,3,4,5,6,9,7,8,10,11,31,14,15,17,12,16,13,32,29,30,18,21,28,26,23,20,22,25,19,27,24
"139",1,1,1,0,0,1,0,0,1,1,1,0,1,1,0,0,1,1,0,1,0,1,0,0,1,0,1,1,1,0,1,0,32,31,30,29,28,27,26,25,24,23,22,21,20,19,18,17,16,15,14,13,12,11,10,9,8,7,6,5,4,3,2,1
"140",1,1,0,0,1,0,1,1,0,0,0,0,1,1,0,0,0,1,0,0,0,0,1,1,1,1,1,1,0,1,0,1,32,31,30,29,28,27,26,25,24,23,22,21,20,19,18,17,16,15,14,13,12,11,10,9,8,7,6,5,4,3,2,1
"141",0,1,0,1,1,1,1,1,0,1,1,1,0,0,0,0,1,1,0,0,1,0,1,1,0,0,0,1,1,1,0,0,1,2,3,5,6,4,9,7,8,12,13,10,30,29,26,15,31,11,32,18,14,28,22,16,21,24,27,17,19,23,25,20
"142",0,1,0,0,1,1,0,1,0,0,0,0,1,0,0,1,1,0,1,1,1,0,0,1,0,0,0,1,0,0,1,0,1,2,4,3,6,5,7,9,8,11,10,12,32,17,13,31,18,14,30,15,16,23,28,29,19,26,22,20,27,25,24,21
"143",0,1,0,1,1,1,0,0,0,0,0,0,0,1,1,1,1,0,0,1,1,1,0,1,1,0,1,1,1,0,1,0,1,2,3,4,5,8,7,6,14,11,13,12,16,32,9,10,15,31,28,20,30,17,24,18,21,23,27,19,22,25,26,29
"144",1,0,1,1,1,0,0,1,1,1,1,0,1,0,0,0,1,1,1,0,1,0,1,0,0,0,0,0,0,0,1,1,2,1,4,3,5,8,6,7,9,15,11,31,10,12,30,13,16,14,29,26,17,32,22,28,20,27,21,19,18,25,24,23
"145",1,1,1,1,1,1,0,1,1,1,1,1,1,0,0,0,0,0,1,1,1,0,1,1,1,0,1,0,1,1,1,0,32,31,30,29,28,27,26,25,24,23,22,21,20,19,18,17,16,15,14,13,12,11,10,9,8,7,6,5,4,3,2,1
"146",0,1,1,0,1,0,1,0,1,0,0,0,0,0,0,0,0,1,0,0,1,0,1,0,0,0,1,0,1,0,0,1,1,2,3,4,6,5,7,8,9,10,29,11,31,26,12,14,28,32,30,27,20,16,23,25,13,19,22,15,17,18,21,24
"147",1,1,1,1,0,0,0,0,0,0,1,1,1,0,0,0,0,0,1,0,1,0,1,0,0,1,0,0,0,0,0,0,32,31,30,29,28,27,26,25,24,23,22,21,20,19,18,17,16,15,14,13,12,11,10,9,8,7,6,5,4,3,2,1
"148",1,1,0,1,0,1,1,1,1,1,0,1,0,1,0,0,0,1,0,1,1,0,1,1,0,1,0,1,0,0,0,1,32,31,30,29,28,27,26,25,24,23,22,21,20,19,18,17,16,15,14,13,12,11,10,9,8,7,6,5,4,3,2,1
"149",0,0,0,0,1,1,0,1,0,0,1,0,0,0,1,0,1,1,1,0,1,1,0,0,0,0,0,0,1,0,0,0,1,2,4,3,5,6,7,9,8,11,12,31,18,20,10,19,32,23,14,16,13,15,17,21,27,30,25,29,22,28,26,24
"150",0,0,1,0,1,1,0,1,0,0,1,0,0,1,1,1,0,1,0,1,1,0,1,0,1,0,0,1,0,1,1,0,1,2,4,3,5,7,6,8,31,9,10,13,30,11,29,24,32,27,12,16,28,26,14,25,15,17,21,18,23,19,20,22
"151",0,1,1,1,1,0,0,0,0,1,1,1,1,1,1,1,1,1,1,0,0,0,1,1,0,0,1,0,0,0,1,0,1,2,3,4,5,7,11,8,6,10,32,9,29,12,31,13,30,16,25,14,27,23,19,15,24,18,20,21,17,28,22,26
"152",0,0,0,0,1,1,0,1,0,0,0,0,0,1,0,1,1,1,1,1,0,1,1,1,0,0,0,0,0,0,1,0,1,2,3,4,7,6,5,8,9,12,10,11,32,13,16,29,14,15,17,31,30,22,26,19,28,18,25,27,20,24,21,23
"153",0,0,1,1,0,0,1,0,0,0,0,0,1,0,1,0,1,1,1,0,0,1,1,0,1,0,1,0,0,0,0,1,1,2,3,4,6,5,32,7,8,31,9,10,11,13,14,18,30,12,15,17,16,22,19,23,29,24,27,25,21,26,20,28
"154",0,0,0,1,1,1,0,0,1,0,1,1,0,1,0,0,0,1,0,0,0,0,0,1,0,0,1,1,0,0,1,0,1,2,3,4,5,6,10,7,9,8,11,12,14,32,31,16,23,29,13,26,30,21,20,25,15,17,18,28,19,27,24,22
"155",1,0,1,1,1,1,0,0,1,1,1,0,1,0,0,0,0,1,1,0,1,1,1,0,0,0,0,1,1,1,0,0,1,3,2,4,5,27,9,6,32,7,31,8,10,12,11,30,29,21,16,28,13,15,25,14,26,20,17,19,22,18,23,24
"156",1,0,1,0,1,0,0,0,1,0,1,0,0,0,1,1,0,1,0,0,1,0,1,1,1,0,0,1,1,1,1,1,1,2,3,4,6,5,11,7,8,14,9,10,12,16,19,18,17,13,15,30,32,24,31,23,25,28,21,26,22,29,20,27
"157",1,0,1,1,0,0,1,1,0,0,0,0,0,1,1,1,1,1,1,0,1,1,0,1,0,1,0,1,0,1,1,1,1,2,3,4,5,6,8,7,10,15,9,12,31,11,14,32,23,13,19,16,28,25,30,20,18,29,17,26,24,27,21,22
"158",0,1,1,1,1,0,1,0,0,1,0,0,1,0,0,0,0,1,1,1,0,1,0,1,1,1,1,1,1,1,1,0,2,1,3,4,5,6,7,8,9,30,12,32,11,10,13,29,25,31,14,23,21,28,24,22,26,27,15,16,20,17,19,18
"159",0,0,1,1,0,1,0,0,0,0,0,0,1,1,0,0,1,0,1,0,0,0,0,1,0,0,0,1,0,0,0,1,1,2,3,4,5,7,8,9,6,25,10,32,12,11,16,29,31,15,13,30,18,27,14,28,17,24,26,19,22,21,23,20
"160",0,1,1,0,0,0,0,0,1,0,0,0,1,1,0,0,1,1,0,1,0,0,0,1,1,0,1,1,1,0,0,0,2,1,4,3,5,6,7,32,8,22,10,11,9,31,13,12,14,16,29,30,15,28,27,18,20,26,19,24,17,25,21,23
"161",1,1,1,1,0,0,0,1,1,1,0,1,1,1,0,1,1,0,0,1,1,0,1,1,1,1,0,0,0,0,1,0,32,31,30,29,28,27,26,25,24,23,22,21,20,19,18,17,16,15,14,13,12,11,10,9,8,7,6,5,4,3,2,1
"162",0,0,1,0,1,0,1,1,0,0,0,0,0,0,1,0,0,1,1,0,0,1,1,1,1,0,0,0,1,1,0,0,1,2,3,4,5,6,14,16,7,9,8,10,32,12,13,20,11,17,31,15,19,18,30,27,29,23,28,22,26,21,24,25
"163",1,0,0,0,0,1,1,1,1,1,1,0,1,0,0,0,1,1,0,1,1,0,0,0,1,0,1,1,0,0,0,1,1,2,3,4,5,7,6,10,8,11,24,31,30,9,32,15,26,17,29,12,13,18,14,27,16,22,19,28,23,25,21,20
"164",0,0,0,1,0,0,0,0,0,0,1,0,0,1,1,1,0,1,0,0,0,0,1,0,1,0,1,0,1,0,0,1,1,2,3,4,6,5,7,32,30,8,10,31,15,9,12,13,11,14,16,29,28,27,18,22,26,25,24,23,20,17,19,21
"165",1,1,0,1,1,1,1,1,1,0,1,1,0,1,1,1,1,0,1,1,1,1,0,0,1,1,1,0,1,0,0,0,32,31,30,29,28,27,26,25,24,23,22,21,20,19,18,17,16,15,14,13,12,11,10,9,8,7,6,5,4,3,2,1
"166",1,0,0,1,0,0,0,0,0,0,0,1,1,1,0,0,1,1,0,1,1,0,0,1,0,1,0,1,1,0,1,0,1,2,3,4,5,7,6,9,8,11,10,14,12,20,13,30,27,32,15,24,31,29,25,28,26,22,17,16,23,21,19,18
"167",1,0,0,1,0,0,1,0,0,1,0,1,1,0,1,0,1,1,1,1,0,0,1,1,1,1,1,0,0,0,1,1,1,3,2,4,6,5,7,32,10,8,9,12,11,29,30,22,14,13,31,18,16,17,15,28,23,26,24,25,19,21,20,27
"168",0,0,1,1,1,0,0,0,0,1,1,0,1,1,0,1,0,1,0,0,0,0,0,0,1,0,1,1,0,1,1,1,1,2,3,4,5,9,6,14,7,31,18,32,8,10,12,13,11,30,21,16,15,28,20,17,29,19,23,27,25,26,22,24
"169",0,0,1,1,0,0,0,0,1,0,1,1,1,0,1,0,0,1,1,1,0,1,0,0,0,1,0,1,0,0,0,1,1,2,4,3,5,9,6,7,31,8,30,10,11,17,16,29,32,12,14,25,28,13,19,21,24,22,27,15,18,23,20,26
"170",0,0,0,1,1,0,1,0,0,1,0,0,1,0,0,1,0,0,0,1,1,1,0,0,1,0,0,0,0,0,1,0,1,5,2,3,4,6,7,9,10,32,8,14,13,11,12,29,28,30,23,26,31,27,15,24,25,16,20,22,17,18,19,21
"171",1,1,1,0,1,1,0,1,0,1,0,1,1,1,1,0,1,0,1,1,0,1,0,0,0,0,0,0,1,0,1,1,32,31,30,29,28,27,26,25,24,23,22,21,20,19,18,17,16,15,14,13,12,11,10,9,8,7,6,5,4,3,2,1
"172",1,0,0,1,0,0,0,0,0,0,0,1,1,0,1,0,0,1,0,1,1,1,1,0,1,1,0,1,1,0,1,1,1,2,4,3,5,6,7,8,30,12,10,11,9,31,13,14,32,15,16,27,29,18,25,22,28,24,26,17,21,23,20,19
"173",1,1,0,0,0,0,1,1,1,1,0,1,1,0,1,0,0,1,1,1,0,1,0,1,0,0,0,0,1,1,1,0,32,31,30,29,28,27,26,25,24,23,22,21,20,19,18,17,16,15,14,13,12,11,10,9,8,7,6,5,4,3,2,1
"174",0,0,0,1,0,1,1,1,0,0,0,0,1,0,1,0,0,0,0,0,0,1,0,1,1,1,1,1,1,0,1,1,3,1,2,4,5,6,27,7,30,9,8,32,11,10,23,15,25,29,31,14,22,12,26,16,28,17,19,13,24,21,18,20
"175",1,1,1,0,1,0,0,0,0,1,1,0,1,1,1,0,1,1,0,0,0,1,0,0,0,1,1,0,1,1,0,1,32,31,30,29,28,27,26,25,24,23,22,21,20,19,18,17,16,15,14,13,12,11,10,9,8,7,6,5,4,3,2,1
"176",1,0,0,0,0,0,0,0,1,1,1,1,0,0,0,0,0,1,1,1,1,0,0,1,0,1,1,0,1,0,1,0,2,1,3,4,6,5,7,8,32,9,11,10,14,13,12,15,18,24,16,29,31,17,26,20,30,19,21,28,23,27,25,22
"177",1,0,0,1,1,0,0,0,0,1,0,1,1,0,1,0,1,0,1,1,0,0,1,1,1,0,1,0,1,0,0,0,1,2,3,6,4,5,7,9,13,8,10,23,11,12,16,14,17,15,32,31,18,28,21,22,30,19,25,29,26,20,27,24
"178",1,0,1,1,1,0,1,0,1,1,1,0,1,1,1,0,1,0,0,0,0,1,1,0,1,0,1,1,0,1,0,0,1,2,3,5,4,6,8,7,11,9,12,13,32,21,10,14,25,15,30,31,23,16,20,17,28,19,18,22,29,26,27,24
"179",1,0,1,1,0,1,0,0,1,0,0,1,0,0,0,0,0,0,0,0,1,0,0,0,1,1,1,1,0,0,0,0,1,2,3,4,5,6,9,8,7,12,32,10,11,31,13,14,24,15,23,26,27,25,16,30,18,29,28,21,17,20,22,19
"180",1,0,1,1,1,0,0,1,0,0,1,1,0,0,1,0,0,1,0,0,0,1,1,1,1,0,0,1,1,1,0,1,2,1,7,4,3,10,6,5,14,8,9,11,29,12,15,32,28,13,31,21,17,18,30,16,23,22,25,19,26,27,20,24
"181",1,0,1,0,1,0,1,1,0,0,1,1,0,0,0,1,0,0,0,0,1,0,1,0,0,1,0,0,0,1,0,1,1,2,3,4,5,6,8,7,9,10,11,31,32,25,27,26,30,28,13,12,15,29,14,16,18,17,22,21,19,24,23,20
"182",1,0,0,1,1,0,1,1,0,1,1,1,0,1,0,0,0,0,1,0,0,1,0,1,1,0,0,0,0,1,0,1,3,2,1,4,5,7,6,8,12,9,10,29,30,15,32,17,14,13,11,31,19,25,28,27,16,18,22,24,20,21,23,26
"183",0,0,0,1,1,1,1,0,1,0,0,1,0,0,0,0,0,1,1,0,0,1,0,1,1,0,1,1,0,0,1,0,1,4,2,3,9,5,6,8,7,10,12,13,30,11,32,14,31,15,19,29,16,26,28,17,27,23,25,21,18,20,24,22
"184",1,0,1,1,0,1,1,0,1,1,1,0,1,1,1,0,1,0,1,1,0,0,1,0,0,0,1,0,1,1,1,1,1,2,4,3,5,8,9,6,7,10,16,29,11,28,30,12,32,31,23,14,13,19,27,26,15,20,25,21,17,22,24,18
"185",0,0,0,1,1,1,1,1,0,1,1,1,1,0,1,1,1,1,1,0,0,0,0,1,1,1,0,1,1,1,1,0,1,2,3,5,4,7,6,10,8,9,11,29,31,14,27,16,12,30,32,21,17,25,18,13,28,15,19,20,26,24,23,22
"186",1,1,1,1,0,1,0,1,0,1,1,1,1,0,0,1,1,1,0,0,0,1,0,1,1,0,1,1,0,1,1,0,32,31,30,29,28,27,26,25,24,23,22,21,20,19,18,17,16,15,14,13,12,11,10,9,8,7,6,5,4,3,2,1
"187",0,0,1,1,1,0,1,1,1,0,0,1,1,1,0,1,0,0,0,1,1,1,1,1,1,1,0,0,0,1,1,1,1,2,3,4,6,7,5,9,8,10,29,12,32,13,11,15,28,30,18,16,14,31,24,20,17,19,21,26,27,25,22,23
"188",0,1,1,0,1,0,0,0,0,1,0,0,1,1,1,1,0,0,0,0,0,1,0,0,1,1,1,0,1,0,1,1,1,2,3,4,6,5,7,9,8,11,28,10,13,15,32,25,31,12,29,22,14,16,30,27,17,21,26,24,20,19,23,18
"189",0,1,0,1,1,0,0,0,1,0,0,0,1,0,1,0,1,0,1,1,0,0,1,1,1,0,0,1,0,1,1,1,1,6,2,4,3,5,12,7,8,9,10,31,11,28,13,19,17,15,14,32,16,23,30,24,27,29,21,26,22,20,18,25
"190",0,0,0,1,0,0,0,0,0,0,0,0,1,0,0,1,1,1,1,1,0,0,0,1,0,0,0,1,0,1,0,1,1,2,4,3,8,5,6,7,10,12,9,11,16,14,15,13,18,31,30,32,17,29,20,21,28,19,25,23,22,27,26,24
"191",1,1,1,0,1,0,1,1,0,0,1,1,1,1,0,1,1,0,0,0,1,1,0,0,1,1,0,0,1,0,1,0,32,31,30,29,28,27,26,25,24,23,22,21,20,19,18,17,16,15,14,13,12,11,10,9,8,7,6,5,4,3,2,1
"192",0,1,1,1,0,0,1,1,1,1,1,1,1,0,1,0,1,1,0,1,0,0,0,0,0,1,0,1,1,1,0,0,1,2,3,5,4,9,7,30,6,8,21,12,11,32,10,31,13,28,26,15,29,24,22,25,14,23,27,17,20,16,18,19
"193",0,1,0,1,0,1,0,0,0,0,1,1,0,0,0,0,1,0,0,1,0,0,0,1,1,1,0,0,1,0,0,0,1,2,4,5,3,7,6,8,10,9,11,12,15,30,32,13,16,18,14,31,23,17,25,19,20,27,24,28,29,26,21,22
"194",0,1,0,1,1,0,1,1,0,1,1,1,0,0,1,1,0,1,1,0,1,1,0,1,1,0,0,1,1,0,0,1,1,2,3,7,4,6,5,10,8,9,22,14,11,12,32,15,16,30,18,31,17,13,19,27,23,29,24,25,28,20,21,26
"195",0,1,1,0,1,0,1,1,1,0,1,1,0,1,1,0,0,0,1,0,0,0,0,1,0,1,1,0,1,1,1,1,1,2,3,5,4,10,6,7,8,9,32,11,13,12,31,17,15,14,30,29,16,26,24,18,19,21,28,25,20,23,22,27
"196",0,1,1,0,1,1,0,1,0,1,0,1,1,0,1,0,1,0,0,0,1,0,0,0,1,0,1,0,0,1,1,0,1,2,3,5,6,4,7,24,32,9,8,15,10,31,30,12,11,29,16,13,17,28,14,25,27,26,22,20,19,18,21,23
"197",0,1,1,1,1,0,1,1,1,0,0,1,0,0,0,0,0,1,0,0,0,0,0,0,1,0,0,0,0,1,0,1,1,2,4,3,5,10,9,6,8,7,13,11,16,12,27,31,32,19,17,14,29,15,25,30,18,28,20,22,21,26,23,24
"198",1,1,1,1,1,0,1,1,0,1,1,0,1,1,0,0,1,1,0,0,1,0,1,0,1,0,1,1,0,0,1,1,32,31,30,29,28,27,26,25,24,23,22,21,20,19,18,17,16,15,14,13,12,11,10,9,8,7,6,5,4,3,2,1
"199",0,0,1,1,0,1,0,0,1,1,1,1,1,1,0,1,0,1,1,1,1,1,1,1,1,0,0,0,0,1,0,0,1,2,3,7,4,6,5,8,13,9,10,11,29,14,15,12,21,16,31,17,32,18,25,30,24,28,19,26,22,23,20,27
"200",0,0,1,0,1,0,1,0,1,1,1,1,0,0,1,1,1,1,1,0,0,0,0,1,1,0,1,0,1,1,1,1,1,2,3,4,5,7,6,10,8,9,14,11,31,32,12,13,30,23,21,18,29,15,28,24,17,25,16,27,20,26,22,19
"201",1,1,0,1,1,1,0,1,1,0,0,0,1,1,1,1,0,0,0,0,1,0,1,0,0,1,0,1,1,1,0,1,32,31,30,29,28,27,26,25,24,23,22,21,20,19,18,17,16,15,14,13,12,11,10,9,8,7,6,5,4,3,2,1
"202",1,0,1,1,1,0,0,1,0,0,1,0,1,1,1,0,1,0,1,0,1,0,1,1,0,0,1,1,1,1,1,1,1,2,4,3,5,7,6,9,11,8,32,13,16,14,10,15,12,31,17,20,21,18,30,29,25,19,24,26,27,23,22,28
"203",0,0,0,1,1,1,0,0,1,1,1,1,1,1,1,1,0,1,1,1,0,0,1,1,1,0,1,0,1,0,0,0,2,1,4,3,5,6,7,8,9,24,13,32,10,11,12,14,31,18,29,21,15,17,16,30,28,26,20,25,19,27,22,23
"204",1,0,0,0,0,0,1,1,1,1,0,0,0,0,0,0,0,0,1,1,0,1,0,0,1,1,1,1,1,0,0,0,1,2,3,4,5,10,6,7,15,8,9,17,12,11,14,13,18,16,31,21,32,20,25,29,19,22,24,27,28,23,30,26
"205",0,0,1,1,1,0,1,0,0,0,0,0,0,0,0,0,0,1,0,0,1,0,0,0,1,0,0,1,0,0,0,1,1,2,3,5,4,7,6,8,13,12,10,32,9,11,31,14,16,18,30,15,24,19,26,17,25,20,28,29,23,27,21,22
"206",1,1,1,1,1,0,1,0,1,0,1,0,1,0,1,0,0,1,0,0,0,1,1,0,0,1,1,0,0,0,1,0,32,31,30,29,28,27,26,25,24,23,22,21,20,19,18,17,16,15,14,13,12,11,10,9,8,7,6,5,4,3,2,1
"207",0,0,1,1,0,0,1,0,0,0,1,0,0,0,0,1,1,0,1,0,1,0,1,0,0,0,0,0,0,0,0,1,1,2,3,4,5,7,6,8,12,9,32,10,11,29,14,16,17,31,30,15,13,18,19,28,25,26,22,21,20,23,27,24
"208",1,1,1,0,1,0,1,0,1,1,1,0,0,0,0,0,1,0,1,0,1,0,1,1,1,1,0,0,0,0,0,0,32,31,30,29,28,27,26,25,24,23,22,21,20,19,18,17,16,15,14,13,12,11,10,9,8,7,6,5,4,3,2,1
"209",1,0,1,1,1,0,0,0,0,1,1,0,0,1,0,0,1,1,0,1,0,1,1,0,0,0,0,1,1,0,1,1,1,2,3,5,7,4,6,11,12,8,13,9,15,22,25,10,31,32,17,14,24,16,19,28,18,29,30,21,27,26,20,23
"210",0,1,0,0,1,0,1,0,1,0,1,1,1,0,0,1,1,0,0,0,0,1,0,1,1,0,1,0,0,0,1,0,1,2,3,4,5,6,7,11,9,28,8,10,16,30,12,13,32,14,15,17,24,25,27,21,31,29,18,22,26,23,20,19
"211",0,1,0,0,0,1,0,1,0,1,1,0,1,0,0,1,0,0,1,1,1,1,1,0,0,0,1,0,0,0,0,0,1,2,4,3,5,7,8,6,9,12,10,11,32,31,27,15,14,13,22,30,29,16,26,17,25,18,20,21,28,24,23,19
"212",1,1,1,1,0,0,1,0,1,0,0,0,0,0,0,1,0,0,0,0,1,0,1,0,1,0,1,1,0,0,0,0,32,31,30,29,28,27,26,25,24,23,22,21,20,19,18,17,16,15,14,13,12,11,10,9,8,7,6,5,4,3,2,1
"213",0,0,0,1,0,1,0,1,0,1,0,1,1,0,0,1,1,0,0,0,0,0,0,0,0,0,0,0,0,1,1,0,1,2,3,4,5,6,8,7,9,32,27,13,11,12,10,31,14,16,26,19,18,15,17,22,30,28,20,29,21,23,24,25
"214",1,0,1,0,1,1,1,1,0,0,1,1,1,1,1,1,0,1,0,0,0,0,1,1,0,1,0,0,0,1,1,0,1,2,4,3,5,7,6,8,9,10,32,14,15,27,12,13,29,11,16,30,24,26,21,31,19,22,23,25,17,18,20,28
"215",0,0,0,1,0,0,1,0,0,0,1,0,0,1,0,0,1,0,1,1,1,1,1,0,1,0,1,0,0,0,0,0,1,2,3,4,5,6,7,9,15,8,32,14,11,18,31,10,30,12,13,16,28,20,22,23,26,17,29,19,25,21,27,24
"216",1,1,0,1,1,1,0,1,0,0,0,1,0,0,1,1,1,1,0,0,1,0,0,0,1,1,0,0,1,0,0,0,32,31,30,29,28,27,26,25,24,23,22,21,20,19,18,17,16,15,14,13,12,11,10,9,8,7,6,5,4,3,2,1
"217",0,1,0,1,0,0,0,1,1,1,1,1,1,0,0,0,1,1,0,1,1,0,0,0,0,1,1,0,0,1,0,1,2,1,3,4,5,6,7,14,8,10,9,12,11,15,21,31,32,13,19,18,29,26,16,30,17,24,20,27,28,25,22,23
"218",0,0,1,0,1,0,1,0,1,1,0,0,1,1,1,0,0,1,1,0,0,1,1,1,1,0,1,1,1,1,1,0,1,2,3,4,5,6,8,7,9,11,31,10,32,12,13,14,17,30,23,15,29,16,27,28,20,25,18,26,19,21,24,22
"219",1,1,0,0,0,1,1,0,0,0,0,1,0,0,0,0,0,0,0,0,1,0,1,0,1,1,0,0,0,0,0,0,32,31,30,29,28,27,26,25,24,23,22,21,20,19,18,17,16,15,14,13,12,11,10,9,8,7,6,5,4,3,2,1
"220",0,0,0,1,0,1,0,0,0,0,0,0,0,1,1,0,1,0,0,0,0,1,1,1,1,1,1,1,0,0,1,1,1,3,2,8,4,5,7,6,9,32,10,19,13,12,24,29,28,11,15,30,14,17,25,26,31,23,27,18,16,20,22,21
"221",1,1,0,0,1,1,0,1,1,0,1,1,1,0,0,1,1,1,0,1,1,1,1,0,1,1,1,0,1,1,1,0,32,31,30,29,28,27,26,25,24,23,22,21,20,19,18,17,16,15,14,13,12,11,10,9,8,7,6,5,4,3,2,1
"222",0,0,0,1,0,0,1,0,0,1,1,0,0,1,0,0,0,0,0,0,1,1,0,0,0,0,1,1,1,0,0,1,1,2,3,4,5,6,8,7,9,10,12,13,11,32,29,31,16,30,14,20,15,27,18,21,17,22,23,26,25,28,24,19
"223",1,0,1,1,0,0,0,0,0,0,0,1,1,0,0,1,0,0,1,0,1,0,1,0,1,1,1,0,1,0,1,1,1,2,3,4,5,6,7,8,14,32,9,10,31,11,13,12,21,28,18,15,20,19,29,30,16,27,17,26,23,25,22,24
"224",0,0,0,0,0,0,0,0,0,1,1,1,0,0,0,0,1,0,1,1,0,1,1,0,1,0,0,1,0,0,0,0,1,2,4,3,5,7,8,6,32,9,12,10,14,16,13,11,30,29,15,18,31,22,17,20,19,21,25,23,27,28,24,26
"225",0,0,0,1,0,0,0,1,1,0,1,1,0,0,1,0,1,0,0,1,1,1,0,1,1,1,0,1,0,1,1,0,1,2,3,10,4,5,8,6,7,9,11,12,14,28,30,13,32,29,15,25,17,31,19,20,16,18,27,21,23,22,26,24
"226",0,0,0,1,1,0,1,1,0,1,1,1,1,1,1,0,1,0,0,0,0,1,1,1,0,1,0,1,1,1,0,0,2,1,3,4,5,7,6,26,8,9,19,15,12,11,10,32,14,31,24,13,30,16,17,18,22,27,29,25,28,20,21,23
"227",1,0,0,1,0,0,0,1,0,0,0,0,0,1,0,1,0,0,1,1,0,0,0,1,1,0,1,1,1,0,1,0,1,2,4,3,6,5,7,9,8,15,31,10,13,11,32,30,28,12,14,29,21,20,24,26,27,17,22,23,18,19,25,16
"228",0,1,0,0,1,1,1,0,0,0,0,1,0,0,1,1,0,1,0,1,0,0,0,1,0,1,1,0,0,0,0,1,2,1,3,4,5,6,12,7,8,9,10,11,32,16,13,14,30,31,24,15,28,20,17,27,23,18,25,19,29,26,22,21
"229",1,1,1,1,0,1,0,1,1,1,0,1,1,1,0,1,1,0,0,1,0,0,1,0,1,1,0,1,0,0,1,1,32,31,30,29,28,27,26,25,24,23,22,21,20,19,18,17,16,15,14,13,12,11,10,9,8,7,6,5,4,3,2,1
"230",1,0,0,1,1,1,0,1,0,1,0,1,1,1,0,1,0,1,1,1,1,1,0,1,0,1,0,1,0,1,1,1,1,2,3,4,9,5,6,21,7,10,8,26,12,11,29,15,14,27,13,31,28,30,32,22,18,19,17,20,16,25,23,24
"231",1,0,1,0,1,1,0,0,1,0,1,1,1,1,0,1,0,0,1,1,0,1,0,1,0,1,1,1,1,1,1,1,1,2,3,5,4,6,7,8,9,32,10,30,13,12,20,11,31,27,25,14,23,17,26,18,15,29,21,28,19,24,16,22
"232",1,1,1,0,1,0,0,0,1,0,0,0,0,1,1,0,0,1,0,1,1,1,0,1,1,0,0,1,0,1,0,1,32,31,30,29,28,27,26,25,24,23,22,21,20,19,18,17,16,15,14,13,12,11,10,9,8,7,6,5,4,3,2,1
"233",1,0,0,0,0,1,1,0,1,0,1,0,0,1,0,0,0,0,1,0,0,0,0,0,1,0,0,1,1,1,1,1,1,3,2,4,5,7,6,8,9,32,10,16,30,31,11,27,14,24,12,13,23,15,28,17,29,25,20,18,19,22,21,26
"234",0,0,1,1,0,1,0,0,0,1,0,0,1,0,1,1,1,1,0,1,0,1,0,1,0,0,0,1,0,0,1,1,1,3,2,4,6,5,9,8,7,11,10,12,14,19,20,32,15,21,13,31,17,16,30,29,18,26,24,27,22,28,23,25
"235",0,0,1,1,0,1,0,0,0,0,0,0,1,1,1,0,0,0,1,1,0,1,1,0,0,1,1,0,1,0,0,0,2,1,3,4,5,6,7,11,8,9,27,10,30,24,32,29,31,28,18,25,23,12,20,13,14,15,21,26,19,16,17,22
"236",1,0,0,1,1,0,0,0,1,1,0,0,0,1,1,1,1,1,1,0,1,0,0,0,1,1,1,1,0,1,1,0,1,2,4,3,7,5,6,32,10,9,8,11,14,31,27,15,13,12,28,21,30,24,23,17,29,25,26,22,16,20,19,18
"237",1,1,1,1,1,0,0,1,1,0,1,1,0,0,1,0,1,1,0,1,1,0,1,0,1,1,0,0,0,1,0,0,32,31,30,29,28,27,26,25,24,23,22,21,20,19,18,17,16,15,14,13,12,11,10,9,8,7,6,5,4,3,2,1
"238",1,0,1,0,1,1,0,0,1,1,1,0,0,0,0,1,0,1,1,0,1,1,0,0,0,0,1,0,1,1,1,1,1,2,4,3,7,8,11,5,6,9,32,30,31,10,14,29,28,27,18,17,12,15,26,13,25,19,20,21,16,22,24,23
"239",1,1,1,0,1,0,0,0,0,1,1,1,0,0,1,1,0,1,0,0,0,0,1,1,1,0,1,0,1,1,1,0,32,31,30,29,28,27,26,25,24,23,22,21,20,19,18,17,16,15,14,13,12,11,10,9,8,7,6,5,4,3,2,1
"240",1,1,1,1,1,0,1,1,1,1,0,0,1,1,1,0,0,1,1,1,1,0,0,1,1,0,0,0,1,1,0,0,32,31,30,29,28,27,26,25,24,23,22,21,20,19,18,17,16,15,14,13,12,11,10,9,8,7,6,5,4,3,2,1
"241",1,1,0,1,1,1,0,0,1,0,1,1,1,1,0,1,1,0,0,0,0,0,1,0,0,0,1,0,1,1,0,1,32,31,30,29,28,27,26,25,24,23,22,21,20,19,18,17,16,15,14,13,12,11,10,9,8,7,6,5,4,3,2,1
"242",1,0,0,0,0,0,1,0,1,0,1,0,1,1,0,0,1,1,1,0,1,0,0,1,1,1,1,1,1,1,1,0,1,2,3,4,6,5,8,9,7,31,11,10,12,13,16,15,14,32,18,19,23,29,28,17,26,30,25,20,22,27,21,24
"243",1,0,1,0,0,1,0,0,1,0,0,1,0,1,0,1,0,1,0,1,1,1,1,0,0,0,1,0,1,0,0,0,1,2,3,4,5,7,6,8,10,9,12,16,13,14,11,32,23,29,15,19,20,17,21,31,22,18,30,24,27,26,28,25
"244",0,0,0,0,1,1,0,0,0,1,1,1,1,1,0,1,0,0,0,1,1,1,1,0,1,1,1,1,0,1,0,1,1,2,3,4,5,8,6,7,14,25,9,30,12,10,15,13,31,32,24,11,23,29,17,26,28,27,18,16,20,21,19,22
"245",0,0,1,0,0,1,1,0,1,1,1,1,1,1,0,0,1,0,0,0,1,1,1,1,1,1,1,0,0,1,0,0,1,2,3,4,5,6,7,8,32,12,29,10,9,11,15,16,31,14,13,30,26,18,28,24,19,17,22,23,20,21,27,25
"246",0,0,1,1,1,0,1,1,1,0,0,1,0,0,0,0,1,1,1,0,0,0,0,1,0,1,1,1,0,0,0,0,2,1,7,4,3,6,5,10,8,11,13,9,12,14,16,15,31,17,29,18,32,20,19,28,24,26,30,27,22,23,25,21
"247",1,0,0,1,0,1,0,0,0,0,1,0,0,1,0,1,0,1,0,0,1,0,0,1,1,1,0,1,1,0,0,0,1,2,3,5,4,6,9,32,12,8,7,10,13,22,11,15,17,14,16,31,25,30,23,18,19,24,20,29,27,21,28,26
"248",0,0,1,0,0,0,0,0,0,0,1,1,1,0,1,0,1,0,1,1,1,0,0,1,0,1,0,0,1,1,1,1,1,2,3,4,5,6,8,7,9,30,10,13,11,16,32,31,18,12,14,20,17,28,29,21,19,15,25,22,23,27,24,26
"249",1,0,1,1,1,0,0,0,0,0,1,0,1,1,0,0,0,1,1,1,0,0,1,1,1,1,1,1,1,1,1,1,1,2,5,3,4,6,8,7,11,10,14,9,21,12,13,32,23,15,18,17,31,16,28,30,22,20,29,19,27,24,26,25
"250",1,1,0,0,0,1,0,1,1,1,1,0,0,0,0,0,1,1,0,0,1,1,0,1,0,1,0,1,0,1,1,1,32,31,30,29,28,27,26,25,24,23,22,21,20,19,18,17,16,15,14,13,12,11,10,9,8,7,6,5,4,3,2,1
"251",0,0,0,1,1,0,0,0,0,0,0,0,0,1,0,1,0,0,0,0,1,1,0,0,1,0,0,1,0,0,0,0,1,2,3,4,7,5,8,6,9,10,29,16,12,15,11,32,18,31,13,30,14,21,27,17,24,20,19,25,22,26,23,28
"252",0,0,1,1,0,1,1,1,0,0,1,1,0,1,0,0,1,1,1,0,1,1,1,1,0,0,1,1,0,0,1,1,1,2,4,3,5,6,10,7,9,8,32,15,27,11,12,13,14,18,19,16,30,17,26,31,22,20,25,29,24,28,21,23
"253",1,1,1,1,1,0,0,1,0,1,0,0,1,1,1,0,0,0,0,0,0,0,0,1,0,0,0,1,0,0,0,0,32,31,30,29,28,27,26,25,24,23,22,21,20,19,18,17,16,15,14,13,12,11,10,9,8,7,6,5,4,3,2,1
"254",1,1,0,1,1,1,1,1,0,0,0,0,0,1,1,0,0,0,0,1,0,1,1,0,0,1,0,1,0,0,0,0,32,31,30,29,28,27,26,25,24,23,22,21,20,19,18,17,16,15,14,13,12,11,10,9,8,7,6,5,4,3,2,1
"255",1,0,0,1,1,1,1,0,1,1,1,0,0,0,0,1,0,1,0,0,1,1,1,0,1,1,1,0,0,0,0,0,1,2,3,5,8,4,6,7,10,9,13,18,12,31,11,15,24,14,30,19,32,29,16,17,27,26,23,28,22,20,21,25
"256",1,1,0,0,0,0,1,0,0,1,1,0,0,1,1,0,0,1,1,0,1,1,1,0,0,0,0,1,0,0,0,1,32,31,30,29,28,27,26,25,24,23,22,21,20,19,18,17,16,15,14,13,12,11,10,9,8,7,6,5,4,3,2,1
"257",0,0,1,0,0,1,1,0,0,1,1,1,0,1,0,1,1,0,1,0,0,1,1,0,1,0,0,0,0,0,0,0,1,2,3,5,4,6,10,9,7,30,8,32,14,11,13,15,12,31,17,24,18,16,20,28,19,26,29,27,22,25,23,21
"258",1,1,1,1,1,1,1,1,0,1,0,1,1,1,0,0,1,0,1,1,0,1,1,0,1,0,0,0,0,0,0,1,32,31,30,29,28,27,26,25,24,23,22,21,20,19,18,17,16,15,14,13,12,11,10,9,8,7,6,5,4,3,2,1
"259",1,1,0,1,1,0,1,1,1,0,1,0,0,0,1,1,0,0,1,0,0,1,0,0,0,0,0,1,1,1,0,1,32,31,30,29,28,27,26,25,24,23,22,21,20,19,18,17,16,15,14,13,12,11,10,9,8,7,6,5,4,3,2,1
"260",0,0,0,1,0,1,1,1,0,1,0,1,0,1,0,1,1,1,1,0,0,0,0,0,1,0,0,1,1,1,0,1,1,2,3,4,5,6,8,7,16,10,12,9,14,11,17,13,25,18,15,19,32,29,20,31,21,28,30,22,27,26,23,24
"261",1,1,1,1,1,1,1,0,0,0,0,0,0,1,1,0,1,1,0,1,0,1,1,0,0,0,1,1,0,0,0,1,32,31,30,29,28,27,26,25,24,23,22,21,20,19,18,17,16,15,14,13,12,11,10,9,8,7,6,5,4,3,2,1
"262",0,1,0,0,1,0,1,1,0,1,0,0,0,1,1,1,1,1,1,1,0,1,0,1,0,0,0,0,0,0,0,0,2,1,3,4,6,5,7,9,8,11,10,14,32,16,12,23,13,15,19,20,18,22,17,29,31,25,21,24,28,27,26,30
"263",0,1,1,1,0,0,0,0,0,1,0,0,1,0,0,1,1,0,1,0,0,0,0,0,1,0,0,0,1,1,0,1,1,2,3,4,5,6,8,7,10,9,30,32,16,14,13,31,11,12,24,23,15,27,20,18,17,29,25,26,19,22,21,28
"264",1,1,0,0,1,1,0,1,1,0,0,0,0,1,1,1,1,1,0,0,0,1,0,1,1,0,0,0,0,1,0,0,32,31,30,29,28,27,26,25,24,23,22,21,20,19,18,17,16,15,14,13,12,11,10,9,8,7,6,5,4,3,2,1
"265",1,0,1,0,1,1,0,0,0,0,0,1,1,0,0,0,0,1,1,0,1,1,1,0,0,1,0,1,1,0,0,0,1,3,2,4,5,6,7,8,11,12,9,14,10,15,13,26,32,27,31,30,16,28,18,22,25,29,19,20,17,24,23,21
"266",0,1,0,0,1,1,0,1,0,0,1,1,0,1,1,1,0,1,1,1,0,0,1,1,1,1,0,1,1,0,0,0,1,2,4,3,7,5,6,24,32,9,8,10,19,12,31,18,11,16,14,25,17,29,22,13,15,30,23,27,20,26,28,21
"267",1,0,0,0,0,0,0,1,0,0,1,1,0,1,1,1,1,1,0,0,1,0,1,1,0,1,1,1,0,1,0,0,1,2,3,5,4,6,7,8,13,9,11,10,14,32,15,12,16,20,21,31,18,24,27,19,30,26,22,17,28,23,29,25
"268",0,0,0,1,1,1,1,0,0,1,0,0,1,1,1,1,0,1,0,1,0,1,1,1,1,0,0,1,1,1,1,0,1,2,3,4,7,8,6,5,9,10,11,32,18,12,15,16,28,17,26,14,13,31,19,24,23,20,22,30,27,21,25,29
"269",1,0,1,0,0,1,0,1,1,0,1,0,0,0,0,0,1,0,1,1,0,1,1,0,0,1,1,0,0,0,1,0,1,2,3,4,5,7,8,9,6,12,15,32,19,11,10,17,14,22,16,13,31,18,28,23,30,21,27,25,20,29,26,24
"270",0,1,1,0,1,0,1,0,1,1,1,1,0,0,0,0,0,1,0,0,1,1,1,0,1,1,1,0,1,0,0,1,1,2,3,4,6,5,7,8,9,30,31,29,28,32,27,11,12,10,15,19,26,14,21,22,20,17,25,13,16,23,24,18
"271",1,0,0,0,0,0,1,0,0,0,0,1,0,1,1,1,1,1,1,0,1,0,1,1,1,1,1,0,0,1,1,0,1,2,4,5,3,6,9,7,18,10,8,14,12,32,28,11,29,30,16,15,31,13,26,27,25,23,17,22,19,24,20,21
"272",0,1,1,1,1,1,1,0,1,0,1,1,0,1,1,1,1,0,0,0,0,0,1,1,1,1,0,1,1,1,1,1,1,4,5,2,3,6,8,7,10,9,31,26,14,11,15,32,12,13,16,30,25,28,18,17,27,29,20,21,24,19,23,22
"273",1,1,1,1,1,1,1,1,1,1,0,1,1,1,1,0,0,0,1,0,0,1,1,1,0,1,1,1,1,0,0,0,32,31,30,29,28,27,26,25,24,23,22,21,20,19,18,17,16,15,14,13,12,11,10,9,8,7,6,5,4,3,2,1
"274",0,1,1,1,0,0,1,1,0,1,0,1,1,1,0,0,0,0,0,0,1,1,1,1,1,1,0,0,1,0,0,1,1,2,4,3,5,7,6,8,11,9,32,28,10,30,31,26,13,25,27,29,15,14,12,24,16,18,22,23,19,17,20,21
"275",1,1,1,1,0,1,0,1,1,1,1,1,1,1,0,1,0,0,1,1,0,0,1,0,0,0,0,1,1,1,0,1,32,31,30,29,28,27,26,25,24,23,22,21,20,19,18,17,16,15,14,13,12,11,10,9,8,7,6,5,4,3,2,1
"276",0,0,1,1,0,1,1,1,0,1,1,1,0,1,0,0,0,0,0,0,1,0,0,1,0,1,0,0,0,0,1,0,1,2,3,5,4,7,6,9,8,12,10,11,30,31,14,32,13,15,16,20,17,21,19,22,27,18,26,24,23,28,25,29
"277",1,1,0,1,0,1,1,0,1,1,1,0,1,0,1,1,0,0,1,0,0,1,0,1,0,0,1,1,0,0,0,0,32,31,30,29,28,27,26,25,24,23,22,21,20,19,18,17,16,15,14,13,12,11,10,9,8,7,6,5,4,3,2,1
"278",0,0,1,0,0,0,1,0,0,1,1,1,0,1,0,0,1,0,1,1,0,1,1,1,1,1,1,1,1,1,1,0,1,2,4,3,6,5,7,8,9,10,31,32,12,11,28,17,22,13,30,29,27,14,25,15,19,16,18,24,23,20,26,21
"279",0,0,1,1,0,1,0,1,1,1,1,1,0,0,1,0,0,1,1,1,1,1,1,1,1,0,0,0,1,1,0,1,1,2,3,4,5,6,8,9,7,17,10,11,32,14,12,26,13,31,15,19,16,18,29,23,21,30,25,20,27,28,24,22
"280",1,0,1,1,0,0,0,1,1,0,0,1,1,0,1,1,0,1,0,1,1,1,1,0,0,0,0,1,0,0,0,0,1,2,3,5,4,7,9,6,12,8,11,28,10,17,13,15,29,32,27,31,16,14,18,30,20,23,25,19,21,22,24,26
"281",1,1,1,1,1,1,1,0,1,0,1,0,1,1,1,1,1,1,0,1,0,0,0,0,0,1,1,1,1,1,1,0,32,31,30,29,28,27,26,25,24,23,22,21,20,19,18,17,16,15,14,13,12,11,10,9,8,7,6,5,4,3,2,1
"282",1,1,0,1,1,1,0,1,1,0,1,1,1,0,1,0,1,1,1,0,1,1,1,0,0,0,0,1,0,1,0,1,32,31,30,29,28,27,26,25,24,23,22,21,20,19,18,17,16,15,14,13,12,11,10,9,8,7,6,5,4,3,2,1
"283",0,0,1,1,1,0,0,0,1,0,0,1,1,0,0,1,1,1,0,0,1,0,1,0,1,1,1,1,1,1,0,0,2,1,3,6,4,7,5,9,11,10,8,32,12,23,16,22,17,13,14,31,27,15,19,29,30,18,21,28,20,25,26,24
"284",0,1,0,0,1,0,0,0,0,0,1,1,0,1,0,1,0,0,1,0,0,0,1,1,0,0,1,1,0,1,0,0,1,2,3,4,5,6,7,8,13,31,14,9,32,10,12,30,11,28,19,17,15,29,16,18,22,26,20,23,25,24,21,27
"285",1,0,1,0,0,1,1,1,1,0,0,0,0,0,1,1,0,1,1,0,1,1,1,0,0,1,1,0,0,0,1,0,1,2,3,5,4,6,9,8,7,13,18,11,10,14,15,12,28,17,16,31,19,32,25,27,30,22,20,29,21,26,23,24
"286",1,1,1,1,0,1,1,1,0,1,0,0,0,1,0,0,0,0,1,0,1,1,0,0,1,1,0,1,0,0,1,1,32,31,30,29,28,27,26,25,24,23,22,21,20,19,18,17,16,15,14,13,12,11,10,9,8,7,6,5,4,3,2,1
"287",0,0,0,0,0,0,0,1,1,1,1,0,0,0,0,0,0,0,0,1,0,0,0,0,0,0,1,1,0,1,1,1,1,2,3,5,4,6,12,7,8,9,11,20,10,13,14,32,19,21,31,15,29,23,18,28,17,26,16,30,27,25,22,24
"288",1,0,0,1,0,0,1,0,1,0,1,1,0,0,0,0,1,1,1,0,0,1,0,1,0,1,1,0,0,0,1,0,1,2,3,4,6,7,5,32,10,8,12,9,11,13,14,31,16,29,25,17,30,28,18,15,26,22,23,19,27,24,21,20
"289",1,1,1,0,1,1,1,1,0,0,1,0,0,1,0,1,1,0,0,1,1,1,1,1,0,0,0,1,1,1,1,1,32,31,30,29,28,27,26,25,24,23,22,21,20,19,18,17,16,15,14,13,12,11,10,9,8,7,6,5,4,3,2,1
"290",0,1,1,1,1,1,1,0,1,0,0,0,1,1,1,0,1,0,1,0,1,1,0,1,0,1,0,0,0,0,0,0,1,2,3,5,4,6,9,7,16,11,10,8,21,32,13,18,17,12,14,29,15,30,27,28,19,31,25,26,24,20,22,23
"291",1,1,1,1,1,1,1,1,0,1,1,0,0,0,0,1,1,1,0,1,1,0,0,0,1,0,0,0,0,0,1,1,32,31,30,29,28,27,26,25,24,23,22,21,20,19,18,17,16,15,14,13,12,11,10,9,8,7,6,5,4,3,2,1
"292",0,1,1,1,1,0,1,0,0,1,1,1,1,1,1,1,0,0,0,1,0,1,0,0,0,0,1,1,0,0,0,0,1,3,2,4,5,6,8,7,19,32,10,9,29,11,13,12,31,30,14,16,15,17,22,24,28,21,20,18,27,23,25,26
"293",1,1,0,1,0,1,0,0,1,0,0,0,0,0,0,1,1,0,0,1,0,0,0,1,0,0,1,0,0,0,1,1,32,31,30,29,28,27,26,25,24,23,22,21,20,19,18,17,16,15,14,13,12,11,10,9,8,7,6,5,4,3,2,1
"294",1,0,1,1,1,0,1,0,0,1,0,1,1,0,1,0,1,0,0,1,0,1,1,1,0,1,1,1,1,0,0,0,1,2,4,3,5,6,7,8,10,11,16,9,12,13,32,30,14,15,17,19,25,18,27,31,20,29,21,23,26,22,28,24
"295",1,0,1,1,1,1,0,1,1,0,1,0,0,1,1,1,1,0,1,1,1,0,1,0,0,1,1,1,0,0,0,0,1,2,4,3,5,6,9,7,12,8,32,25,10,14,11,31,13,21,15,27,29,30,22,26,28,17,20,24,16,23,18,19
"296",0,1,0,1,0,1,0,1,0,1,1,0,1,0,1,1,1,0,0,1,0,0,0,1,1,1,0,1,1,1,1,0,1,2,3,4,5,6,7,8,9,11,12,10,13,15,31,32,14,16,17,30,28,29,18,22,27,23,24,25,21,20,19,26
"297",0,1,0,0,1,1,1,0,1,1,1,0,0,0,0,0,1,1,1,1,0,0,0,0,1,0,0,1,1,0,1,1,2,1,3,4,5,6,8,7,9,11,12,10,32,14,31,16,15,17,18,13,30,20,23,21,24,22,28,27,19,29,26,25
"298",1,1,0,1,1,1,0,1,0,0,1,0,1,0,0,1,0,1,0,1,0,1,1,1,0,1,1,0,1,0,0,1,32,31,30,29,28,27,26,25,24,23,22,21,20,19,18,17,16,15,14,13,12,11,10,9,8,7,6,5,4,3,2,1
"299",1,1,0,0,0,1,0,1,0,0,1,1,1,0,0,0,1,0,1,0,0,1,0,0,1,0,1,0,1,1,1,0,32,31,30,29,28,27,26,25,24,23,22,21,20,19,18,17,16,15,14,13,12,11,10,9,8,7,6,5,4,3,2,1
"300",1,1,1,1,0,0,0,1,1,0,0,1,1,1,1,1,1,1,1,0,0,0,0,1,0,0,1,1,1,1,0,0,32,31,30,29,28,27,26,25,24,23,22,21,20,19,18,17,16,15,14,13,12,11,10,9,8,7,6,5,4,3,2,1
"301",0,1,1,1,1,1,1,0,1,1,1,1,1,1,1,1,0,1,0,0,1,1,1,0,1,1,1,1,0,0,0,1,1,3,2,4,5,6,7,8,9,11,10,13,12,32,31,30,29,22,28,25,14,17,27,18,24,16,20,15,21,19,23,26
"302",0,0,1,1,1,0,0,1,1,1,0,0,1,1,0,1,1,0,1,1,0,1,1,0,0,1,1,1,1,0,0,0,1,2,3,4,7,5,6,8,10,12,9,11,14,20,13,16,31,28,29,32,15,17,18,26,30,19,27,25,21,24,22,23
"303",1,1,0,1,0,0,1,1,0,1,0,0,1,1,1,1,1,0,1,1,0,0,0,0,0,0,0,0,0,0,1,0,32,31,30,29,28,27,26,25,24,23,22,21,20,19,18,17,16,15,14,13,12,11,10,9,8,7,6,5,4,3,2,1
"304",0,0,1,0,0,1,1,0,1,0,1,1,0,0,0,1,1,0,0,1,0,0,0,1,0,1,1,0,1,1,0,0,2,1,3,4,5,6,10,7,9,12,8,11,13,15,16,19,31,22,14,32,17,18,20,21,29,24,26,30,28,25,27,23
"305",0,0,0,1,1,1,0,0,1,0,1,1,0,1,0,0,0,0,0,0,0,0,1,0,0,0,1,0,1,0,0,1,1,2,3,4,5,6,7,8,15,11,18,9,10,12,13,16,14,22,17,32,21,19,20,26,29,25,23,31,27,30,28,24
"306",0,0,0,1,0,0,0,1,0,1,0,0,1,0,1,0,0,0,1,0,1,0,0,0,1,0,0,1,1,0,0,0,1,2,3,4,5,6,8,7,11,9,12,32,10,31,14,13,28,30,20,29,17,15,18,22,16,23,27,19,26,21,25,24
"307",1,0,1,0,0,1,1,0,1,1,0,0,0,1,1,1,0,0,1,1,0,0,0,0,1,1,1,1,1,1,1,0,1,2,3,4,6,5,8,10,9,12,7,13,11,16,31,15,14,32,17,18,20,30,27,23,24,19,25,26,28,21,29,22
"308",1,1,0,1,1,0,1,1,0,0,1,1,1,0,1,1,1,1,0,0,1,1,1,0,1,1,1,1,1,0,1,0,32,31,30,29,28,27,26,25,24,23,22,21,20,19,18,17,16,15,14,13,12,11,10,9,8,7,6,5,4,3,2,1
"309",1,0,0,0,0,0,1,1,0,1,0,1,0,1,0,0,1,0,0,0,0,1,1,1,1,0,1,1,0,1,1,1,1,2,3,4,5,6,8,32,7,9,10,12,14,11,13,17,27,21,31,18,15,16,23,20,19,22,30,28,26,29,25,24
"310",1,1,0,1,0,0,1,0,1,1,0,0,1,1,1,0,0,0,0,0,0,1,0,0,1,0,0,0,1,1,0,1,32,31,30,29,28,27,26,25,24,23,22,21,20,19,18,17,16,15,14,13,12,11,10,9,8,7,6,5,4,3,2,1
"311",0,1,1,0,0,1,0,0,0,0,1,0,0,0,0,0,1,0,0,1,1,0,0,0,1,0,0,0,1,0,0,0,2,1,3,4,5,6,7,8,12,10,13,9,31,32,16,11,30,19,14,26,29,20,15,21,17,22,27,18,28,24,23,25
"312",1,1,0,1,1,0,1,0,1,0,1,1,0,1,1,1,1,1,1,1,1,1,1,1,0,0,0,0,1,0,0,0,32,31,30,29,28,27,26,25,24,23,22,21,20,19,18,17,16,15,14,13,12,11,10,9,8,7,6,5,4,3,2,1
"313",1,1,0,1,0,1,1,0,0,1,1,1,0,0,1,0,0,1,0,0,1,1,0,1,1,1,0,0,1,1,0,1,32,31,30,29,28,27,26,25,24,23,22,21,20,19,18,17,16,15,14,13,12,11,10,9,8,7,6,5,4,3,2,1
"314",0,1,0,0,0,0,0,0,1,0,0,1,0,1,0,0,0,0,0,0,1,0,1,1,1,0,1,0,1,1,1,1,1,2,3,4,5,6,10,8,7,9,14,19,11,32,12,13,31,18,16,17,15,29,28,20,30,21,22,25,24,26,23,27
"315",1,1,0,0,0,1,1,0,0,0,0,0,0,1,0,1,0,0,0,1,0,0,0,0,1,1,0,0,0,1,1,1,32,31,30,29,28,27,26,25,24,23,22,21,20,19,18,17,16,15,14,13,12,11,10,9,8,7,6,5,4,3,2,1
"316",1,1,0,0,1,1,0,0,1,0,0,1,1,0,0,0,1,1,0,1,0,0,0,1,0,1,1,1,1,0,1,1,32,31,30,29,28,27,26,25,24,23,22,21,20,19,18,17,16,15,14,13,12,11,10,9,8,7,6,5,4,3,2,1
"317",0,1,0,1,0,0,0,0,0,1,0,1,1,1,1,0,1,0,1,0,1,1,1,1,0,1,0,0,0,1,1,1,1,2,3,6,4,5,8,7,31,9,11,10,12,32,14,13,28,15,16,30,29,18,17,26,20,19,21,23,27,22,25,24
"318",0,1,0,1,0,0,0,1,1,0,0,0,0,0,0,1,0,1,1,1,1,0,1,0,1,1,0,1,0,0,0,0,1,2,3,4,5,6,7,10,8,9,32,11,26,12,14,18,13,15,29,16,20,31,17,23,30,22,21,27,25,19,24,28
"319",0,0,1,0,1,0,1,0,0,0,1,0,1,0,1,1,0,1,1,0,1,1,1,0,0,1,1,1,0,0,0,0,1,4,2,3,6,5,8,9,10,7,13,32,11,15,31,12,14,17,21,30,29,18,22,16,19,25,26,23,20,28,27,24
"320",1,1,1,1,1,1,0,1,1,0,1,0,1,0,1,1,1,0,1,0,0,0,0,1,1,0,1,0,1,1,1,0,32,31,30,29,28,27,26,25,24,23,22,21,20,19,18,17,16,15,14,13,12,11,10,9,8,7,6,5,4,3,2,1
"321",0,0,0,0,1,1,1,0,0,0,0,1,1,0,1,0,0,1,0,1,0,1,1,1,0,1,0,1,1,1,1,0,1,2,3,4,5,6,8,7,10,24,9,32,11,12,14,16,19,29,13,15,17,18,30,31,20,27,21,26,25,22,28,23
"322",1,0,0,1,0,1,0,1,0,1,1,1,1,1,1,1,1,0,0,0,0,1,1,0,1,1,1,0,0,1,0,1,1,2,3,4,6,8,5,9,7,10,14,11,12,13,15,30,31,32,17,27,25,29,16,24,28,19,23,20,21,26,18,22
"323",1,1,1,1,0,1,0,1,1,1,0,0,1,0,0,0,0,1,0,1,1,1,1,0,0,1,1,1,0,1,0,0,32,31,30,29,28,27,26,25,24,23,22,21,20,19,18,17,16,15,14,13,12,11,10,9,8,7,6,5,4,3,2,1
"324",1,1,0,1,0,0,1,1,1,0,1,0,1,1,1,0,0,0,1,1,1,0,1,0,0,1,1,0,1,1,1,0,32,31,30,29,28,27,26,25,24,23,22,21,20,19,18,17,16,15,14,13,12,11,10,9,8,7,6,5,4,3,2,1
"325",0,1,0,1,0,1,1,0,1,0,0,1,0,0,1,0,0,1,1,0,0,0,0,0,1,0,0,0,0,0,1,1,1,2,3,4,6,5,9,7,17,23,8,32,11,14,10,31,15,30,12,28,13,18,16,22,19,29,20,24,27,26,25,21
"326",0,0,0,1,1,0,0,0,0,1,1,0,0,1,0,1,0,1,1,1,1,0,1,0,1,1,1,1,1,1,1,1,1,2,3,4,5,6,8,7,9,11,13,12,32,10,15,14,31,30,29,26,16,18,17,21,27,23,19,24,28,20,22,25
"327",0,0,0,1,0,0,0,1,1,1,0,1,0,1,1,1,1,1,0,1,0,1,0,0,1,1,0,1,1,0,0,1,1,2,3,4,5,7,6,8,10,9,16,12,11,31,32,13,29,30,14,15,28,19,17,24,20,27,18,22,25,23,21,26
"328",0,0,0,0,0,1,1,1,0,1,0,0,0,1,0,0,1,1,0,0,0,0,1,1,0,0,1,1,1,1,1,0,1,2,3,4,7,8,6,5,11,9,13,17,12,10,30,16,15,19,14,32,20,31,18,26,27,29,25,24,23,21,22,28
"329",1,0,0,1,1,1,0,0,1,0,0,0,0,1,1,1,0,1,1,0,1,0,1,1,1,0,0,0,1,0,0,1,1,2,3,5,4,6,11,7,10,8,9,13,32,31,12,29,27,14,28,15,26,30,25,19,22,20,24,23,17,21,18,16
"330",0,0,1,1,1,1,0,0,1,1,1,0,1,0,1,0,0,1,0,1,1,1,1,1,0,0,1,0,1,0,0,0,1,3,2,4,5,6,7,8,9,10,18,13,12,31,19,14,16,11,20,17,30,15,21,32,22,25,26,23,24,28,29,27
"331",0,1,1,0,1,0,1,1,1,1,0,1,0,0,1,0,1,0,1,0,0,1,0,0,0,0,0,1,0,1,1,1,1,3,2,4,5,6,9,7,8,19,32,29,17,15,14,31,10,12,13,30,11,16,21,28,18,20,24,26,27,25,22,23
"332",0,0,1,1,0,0,0,0,0,1,0,0,1,0,1,1,0,0,1,1,1,1,0,0,1,1,1,0,1,1,1,1,1,3,2,4,5,6,7,32,8,12,15,9,11,17,16,19,10,29,30,13,31,14,27,20,28,24,21,23,26,25,18,22
"333",1,0,0,1,1,1,0,1,1,1,1,1,0,1,1,0,1,1,0,0,0,1,0,0,0,0,1,1,1,0,0,0,1,3,2,4,5,8,6,7,9,29,12,15,11,10,14,13,32,17,19,16,20,31,30,18,26,21,25,24,22,23,27,28
"334",0,0,0,1,1,0,0,0,0,1,1,0,1,0,0,1,0,1,0,1,0,0,1,1,0,0,1,0,1,1,0,0,1,3,2,4,5,7,6,8,9,10,11,31,12,32,15,13,14,28,25,29,30,16,18,21,26,17,27,22,24,23,19,20
"335",1,1,1,0,1,1,1,0,0,0,0,0,1,1,1,1,0,1,1,1,0,0,0,0,1,1,0,1,1,1,1,0,32,31,30,29,28,27,26,25,24,23,22,21,20,19,18,17,16,15,14,13,12,11,10,9,8,7,6,5,4,3,2,1
"336",1,0,0,1,0,1,0,0,0,1,0,1,0,0,0,1,1,1,1,1,1,0,1,0,1,1,1,0,1,1,0,0,1,2,3,4,7,6,5,16,14,9,8,31,32,29,12,10,13,27,23,30,11,25,28,15,18,26,21,22,20,24,19,17
"337",1,0,1,0,1,1,0,1,1,0,0,0,1,1,0,1,0,0,0,0,1,1,1,0,1,0,1,0,0,1,0,0,1,2,3,4,9,5,7,6,8,11,10,32,30,22,16,12,13,15,31,21,14,27,29,28,20,25,23,17,19,18,24,26
"338",0,0,0,1,1,1,1,0,0,1,1,0,0,1,1,1,1,1,1,0,1,1,0,1,0,1,0,1,1,0,0,1,1,2,3,5,4,7,6,8,10,9,12,11,31,13,32,18,27,28,14,16,15,23,17,19,30,20,22,24,21,29,26,25
"339",0,1,1,0,0,1,1,1,1,1,0,0,0,0,1,1,0,1,0,0,1,1,1,0,0,0,1,0,1,0,0,1,1,2,4,3,5,6,7,8,13,9,11,10,12,17,14,31,15,32,16,30,28,29,27,18,19,22,25,20,26,23,21,24
"340",0,0,1,1,1,0,1,0,0,1,0,1,0,0,0,1,0,0,1,0,0,1,1,0,0,0,1,1,0,1,0,1,1,2,3,5,6,4,7,8,9,10,14,32,11,13,31,16,20,15,12,30,27,18,17,29,26,21,24,23,19,22,25,28
"341",0,1,1,1,1,1,0,1,0,1,1,0,1,0,1,0,0,1,1,0,0,0,1,0,1,1,0,0,0,1,1,0,1,2,3,5,4,8,6,7,12,11,9,15,13,10,14,32,20,17,22,18,31,24,21,16,19,28,27,29,30,26,25,23
"342",0,1,0,0,1,0,1,0,0,0,1,1,1,1,0,0,1,0,0,0,1,0,0,1,0,0,1,1,0,0,1,0,1,2,3,4,5,6,7,32,8,9,13,10,11,31,30,15,12,16,28,17,23,21,14,29,26,27,18,19,25,22,20,24
"343",0,0,0,1,1,0,1,1,0,1,1,0,0,1,1,0,0,0,1,1,1,1,1,0,0,0,0,1,1,0,0,1,1,2,4,3,5,6,7,11,16,8,9,32,14,10,12,31,27,13,29,17,26,25,30,28,15,18,20,23,19,21,22,24
"344",0,0,1,0,1,0,0,1,0,0,0,1,0,1,1,1,0,1,0,0,1,1,0,1,1,1,0,1,0,0,1,1,1,2,3,6,4,5,7,11,8,9,10,30,12,14,28,13,26,32,31,29,15,25,17,27,24,21,19,18,16,22,20,23
"345",1,0,0,1,1,1,1,0,0,0,1,0,1,0,1,1,0,1,1,1,0,0,0,1,0,0,0,1,0,1,1,0,1,2,3,5,4,6,8,7,10,12,11,9,31,32,13,14,17,16,21,15,25,18,30,29,27,28,19,24,20,22,23,26
"346",1,1,1,1,1,1,0,1,0,1,1,1,0,1,0,1,1,0,1,0,0,0,0,0,0,0,0,1,0,0,1,0,32,31,30,29,28,27,26,25,24,23,22,21,20,19,18,17,16,15,14,13,12,11,10,9,8,7,6,5,4,3,2,1
"347",1,0,0,0,1,1,0,1,0,1,1,1,0,0,0,1,0,1,1,1,0,0,1,0,0,1,1,0,1,0,1,1,1,2,3,4,5,6,9,26,14,7,29,28,8,10,32,31,11,13,30,18,24,27,12,15,25,19,21,23,22,17,16,20
"348",1,0,1,0,1,0,1,1,0,0,0,1,1,1,1,0,1,1,1,0,0,0,1,1,1,0,1,0,1,0,0,1,1,3,2,4,6,5,8,11,7,9,32,31,12,10,29,30,28,13,16,27,14,23,26,22,15,20,25,19,21,17,24,18
"349",1,0,0,1,0,0,0,1,1,1,0,1,0,1,0,0,0,1,1,0,1,0,1,0,1,1,1,0,1,1,0,1,1,2,3,4,5,6,8,10,7,32,9,11,15,25,13,14,31,29,12,30,28,27,26,18,21,16,17,23,24,22,19,20
"350",1,1,0,0,1,0,0,1,0,0,0,1,0,0,0,0,0,0,1,1,1,1,1,1,0,1,0,1,1,1,1,0,32,31,30,29,28,27,26,25,24,23,22,21,20,19,18,17,16,15,14,13,12,11,10,9,8,7,6,5,4,3,2,1
"351",1,1,1,0,0,0,0,1,1,0,0,1,1,0,0,0,1,0,1,0,1,1,0,0,0,1,0,1,0,0,1,1,32,31,30,29,28,27,26,25,24,23,22,21,20,19,18,17,16,15,14,13,12,11,10,9,8,7,6,5,4,3,2,1
"352",0,0,0,1,0,0,1,1,1,0,1,1,0,0,0,1,0,1,1,1,1,0,1,0,0,0,0,0,1,1,0,1,1,2,3,4,5,7,6,8,11,9,12,10,22,29,32,30,13,31,20,27,14,28,15,19,16,17,21,26,23,24,18,25
"353",0,1,0,1,1,1,1,1,0,0,1,0,0,1,1,0,0,1,0,0,0,0,1,1,1,1,0,1,1,0,1,1,1,2,3,5,4,7,6,8,12,11,10,9,15,13,14,25,32,17,28,27,16,22,31,23,29,21,19,30,20,26,24,18
"354",1,1,0,1,1,1,1,1,0,0,1,1,0,0,1,1,1,1,1,0,1,1,0,1,1,1,0,1,0,1,1,0,32,31,30,29,28,27,26,25,24,23,22,21,20,19,18,17,16,15,14,13,12,11,10,9,8,7,6,5,4,3,2,1
"355",0,1,1,0,1,0,1,1,0,1,0,1,1,1,1,1,1,0,0,1,0,0,1,1,0,1,0,1,0,1,0,0,1,2,3,4,5,6,7,10,9,27,12,11,29,31,8,30,32,16,15,28,13,14,18,19,17,25,22,20,26,23,24,21
"356",0,0,1,1,1,0,1,1,0,1,1,0,0,0,0,1,0,1,0,1,1,0,1,0,1,1,0,1,1,0,1,0,1,2,3,5,4,7,6,8,9,32,10,22,15,14,31,11,12,29,16,13,21,30,25,17,24,20,23,18,27,19,28,26
"357",0,0,0,1,1,1,1,0,1,1,0,0,1,1,0,1,1,0,0,1,1,1,0,0,1,0,0,0,1,1,1,1,1,2,3,6,8,4,7,5,9,31,32,14,11,30,12,10,27,13,29,15,16,17,18,28,19,21,23,24,22,26,20,25
"358",0,0,1,1,0,1,1,1,0,0,1,0,0,0,0,1,0,0,0,0,1,1,1,1,1,1,0,0,0,0,0,0,1,2,3,4,5,6,8,7,11,9,14,10,15,13,12,17,19,18,16,32,31,20,25,22,23,29,21,30,28,24,27,26
"359",1,1,0,0,0,1,1,0,1,0,1,0,1,1,1,0,0,1,0,0,0,1,0,1,0,1,1,0,1,0,1,0,32,31,30,29,28,27,26,25,24,23,22,21,20,19,18,17,16,15,14,13,12,11,10,9,8,7,6,5,4,3,2,1
"360",0,0,0,0,0,1,0,1,0,0,1,1,0,1,0,1,1,1,1,1,0,0,0,0,1,0,0,1,0,0,1,0,1,2,3,5,7,4,6,20,32,11,17,8,9,14,10,12,13,19,16,21,31,28,15,22,30,18,23,27,25,24,29,26
"361",1,0,0,0,0,0,0,0,1,1,0,1,1,0,0,0,0,0,1,0,1,0,0,0,1,0,1,0,1,1,0,0,1,2,3,4,5,8,6,11,9,10,7,32,13,28,21,14,16,12,31,19,24,30,29,17,15,26,25,27,18,23,20,22
"362",1,0,1,1,0,1,0,0,0,0,0,0,1,0,1,1,1,0,0,1,0,0,0,0,1,0,1,1,0,1,0,0,1,2,3,4,5,6,8,9,7,10,11,14,15,13,12,30,32,16,31,28,17,26,18,29,23,27,19,24,25,20,22,21
"363",0,1,1,1,0,1,0,1,1,1,1,0,1,1,0,0,0,0,1,0,0,1,0,0,0,1,0,0,0,1,0,0,1,2,3,4,5,7,6,12,10,8,9,11,16,17,30,32,14,24,13,31,15,29,18,19,21,26,23,27,22,20,28,25
"364",1,1,0,1,0,0,0,1,0,1,1,1,0,1,0,0,1,1,1,0,0,0,1,0,0,0,1,1,0,0,1,1,32,31,30,29,28,27,26,25,24,23,22,21,20,19,18,17,16,15,14,13,12,11,10,9,8,7,6,5,4,3,2,1
"365",1,1,0,0,1,0,1,1,1,1,1,0,0,1,0,0,1,0,0,1,0,0,0,1,1,0,0,0,1,1,1,0,32,31,30,29,28,27,26,25,24,23,22,21,20,19,18,17,16,15,14,13,12,11,10,9,8,7,6,5,4,3,2,1
"366",1,1,1,0,1,0,1,1,0,0,1,1,0,0,1,0,1,0,0,0,1,0,1,0,0,1,0,1,1,1,0,1,32,31,30,29,28,27,26,25,24,23,22,21,20,19,18,17,16,15,14,13,12,11,10,9,8,7,6,5,4,3,2,1
"367",0,0,0,0,0,1,1,0,1,1,1,0,0,0,0,1,0,1,1,0,1,1,1,0,0,1,1,0,1,0,1,0,1,2,3,6,4,5,7,9,12,8,11,10,19,32,31,30,29,16,13,23,15,14,28,26,17,25,27,18,21,20,24,22
"368",0,1,0,1,0,0,1,1,0,1,1,1,0,1,0,0,1,0,0,1,0,0,0,1,1,0,1,1,1,0,0,1,1,2,3,4,5,8,7,6,14,9,17,11,12,10,28,31,15,13,24,32,19,22,18,16,29,20,27,30,26,21,25,23
"369",1,0,0,1,0,0,0,1,1,1,0,0,1,1,0,0,0,0,1,1,1,0,1,1,0,0,1,0,0,0,1,0,1,2,3,4,5,7,6,8,11,12,9,31,10,13,32,21,14,15,17,16,30,18,25,20,28,19,22,23,29,27,26,24
"370",1,1,0,0,0,0,0,0,0,1,1,1,0,0,1,0,0,1,0,1,0,0,0,0,1,1,0,0,0,1,1,0,32,31,30,29,28,27,26,25,24,23,22,21,20,19,18,17,16,15,14,13,12,11,10,9,8,7,6,5,4,3,2,1
"371",0,0,0,1,1,0,1,0,1,0,0,1,1,1,0,0,0,1,1,1,0,0,1,0,1,1,0,0,1,1,0,1,1,2,3,4,5,8,6,7,11,10,9,12,19,13,15,20,14,32,17,30,16,27,28,18,31,26,29,22,21,24,23,25
"372",1,0,1,1,1,1,0,0,1,0,0,1,0,0,0,0,1,1,1,1,0,0,0,1,0,0,1,0,0,0,0,1,1,2,4,3,5,6,7,12,32,8,9,10,30,31,11,13,27,14,28,29,17,16,18,20,15,19,21,22,25,23,26,24
"373",0,0,1,0,1,1,1,0,1,1,0,1,1,0,0,1,1,1,1,1,0,0,1,0,1,0,0,0,0,1,0,1,1,2,3,5,4,9,7,8,6,32,11,12,10,30,13,15,16,31,14,21,18,28,29,20,26,17,23,19,22,27,25,24
"374",0,0,0,0,1,1,0,1,1,1,1,1,1,1,0,1,1,0,0,0,1,1,1,1,0,0,1,0,0,1,0,1,1,2,3,4,7,6,5,8,32,9,10,31,13,27,12,11,22,14,28,29,30,17,16,24,15,26,25,21,23,19,20,18
"375",0,1,1,0,1,0,1,1,0,1,1,1,0,0,0,0,1,0,0,0,1,0,0,1,0,0,0,0,1,1,0,0,1,2,3,4,6,5,7,8,10,11,9,13,32,30,23,15,17,31,22,26,12,14,25,18,28,29,21,19,27,24,20,16
"376",0,0,0,1,0,0,0,0,1,1,0,1,0,1,1,1,1,1,0,0,0,0,0,1,0,1,1,0,0,0,1,1,1,2,4,3,5,8,6,7,10,9,11,32,12,30,18,13,29,31,15,19,14,24,21,16,25,17,28,26,23,27,20,22
"377",0,0,1,0,0,1,1,1,1,0,1,0,1,1,0,0,0,1,1,0,1,0,0,1,1,0,0,0,0,0,1,0,1,2,3,4,5,7,6,9,12,8,11,10,32,31,13,29,28,30,26,16,27,15,24,25,17,19,14,18,21,20,23,22
"378",0,1,0,1,0,1,0,0,1,1,1,0,0,1,0,1,0,1,1,0,0,0,1,1,1,0,1,0,0,0,1,1,1,2,3,5,4,6,9,8,10,7,30,32,13,12,29,31,11,28,16,18,14,27,24,21,17,25,15,19,22,26,20,23
"379",0,0,1,0,0,1,0,0,0,1,1,1,0,0,1,0,0,0,1,0,0,1,0,1,1,0,1,1,1,1,0,1,1,2,3,4,5,6,8,7,30,9,13,29,10,32,11,27,31,12,28,26,14,23,16,18,15,21,25,17,24,19,22,20
"380",0,0,1,1,1,0,1,1,0,0,0,1,1,0,0,1,0,0,1,0,1,1,0,1,1,1,0,0,1,0,0,1,1,2,3,4,7,5,8,6,10,11,31,9,32,12,15,17,19,13,14,26,16,29,25,27,30,28,18,22,21,20,24,23
"381",0,0,1,0,1,0,1,0,0,0,1,1,1,1,0,0,1,1,0,1,0,1,0,0,0,1,1,0,1,1,1,1,1,2,3,4,6,5,8,7,14,9,10,11,13,15,12,32,16,22,30,31,18,21,29,17,20,19,27,24,26,23,28,25
"382",0,1,1,1,1,1,0,0,1,1,0,0,1,1,1,1,0,0,0,1,1,1,0,1,0,1,0,1,0,0,1,0,1,2,3,6,4,5,8,7,10,9,13,15,32,11,12,18,14,19,21,16,28,17,30,31,20,22,26,27,29,25,23,24
"383",1,0,1,1,1,0,0,1,0,0,1,0,1,1,0,0,0,1,0,0,0,1,1,0,1,0,1,0,1,1,1,0,1,3,2,5,4,10,7,6,8,9,12,31,11,14,13,15,29,22,16,32,30,20,17,19,18,25,21,24,28,26,23,27
"384",0,0,0,0,0,1,0,0,1,0,0,1,1,0,0,0,0,0,0,0,1,0,1,1,0,0,1,0,1,0,0,0,1,2,3,5,6,4,7,8,12,9,10,29,31,11,28,15,32,30,25,17,14,13,19,18,26,27,23,21,20,24,16,22
"385",1,0,0,0,0,1,1,1,0,1,0,1,1,0,0,0,0,0,0,1,1,0,1,1,1,0,1,1,1,0,0,1,1,2,3,4,6,5,8,7,9,11,24,20,10,13,32,14,26,31,12,17,15,16,18,19,30,21,22,25,29,27,28,23
"386",1,0,0,0,1,0,0,1,0,1,0,1,0,1,0,0,0,0,0,0,0,0,0,1,1,0,1,1,0,0,0,0,2,1,3,4,6,5,7,9,10,28,11,8,15,12,32,16,31,17,14,27,13,18,30,26,29,21,22,19,23,25,24,20
"387",1,0,0,1,1,1,0,1,1,0,1,1,1,1,1,0,1,0,0,0,1,1,0,0,0,1,0,1,0,0,1,1,2,1,3,4,5,10,7,9,11,6,12,8,13,14,15,17,16,32,30,25,31,28,21,19,29,18,24,20,26,23,27,22
"388",0,1,0,1,0,1,0,1,1,0,1,0,0,1,1,1,0,0,1,1,0,1,0,1,1,1,1,1,0,1,1,0,1,2,3,4,5,6,7,8,27,17,10,32,30,9,14,12,11,31,29,18,13,15,16,23,24,25,28,22,26,19,21,20
"389",1,1,1,1,0,0,0,0,0,0,0,0,0,0,0,1,1,0,1,1,1,0,0,0,0,0,0,0,0,0,0,0,32,31,30,29,28,27,26,25,24,23,22,21,20,19,18,17,16,15,14,13,12,11,10,9,8,7,6,5,4,3,2,1
"390",1,1,1,1,0,0,1,0,0,1,1,1,0,1,1,1,0,1,0,0,0,1,0,0,0,1,1,0,1,1,0,0,32,31,30,29,28,27,26,25,24,23,22,21,20,19,18,17,16,15,14,13,12,11,10,9,8,7,6,5,4,3,2,1
"391",0,1,1,0,1,0,1,1,0,0,1,1,1,0,0,1,1,1,0,0,0,0,0,1,0,1,1,0,1,0,1,1,1,3,2,4,6,5,8,10,7,32,12,9,16,18,14,11,13,22,15,17,28,26,19,29,24,31,20,30,27,25,21,23
"392",0,1,1,0,1,1,0,1,1,1,0,0,1,1,0,1,1,0,0,1,1,1,0,0,1,0,0,0,0,0,1,1,1,2,3,4,5,7,8,6,10,9,11,25,32,14,13,31,12,15,29,17,30,23,16,26,27,20,18,22,28,21,24,19
"393",0,1,0,0,0,0,1,0,0,1,0,1,1,0,1,0,0,0,1,1,0,0,0,0,1,0,1,1,1,1,0,1,1,2,3,5,6,4,7,8,10,9,13,18,30,32,12,31,11,14,19,16,15,17,29,21,20,26,27,28,25,23,24,22
"394",1,1,0,0,0,0,0,0,0,0,0,0,1,1,0,1,1,0,1,0,0,0,1,0,1,0,0,0,1,1,1,1,32,31,30,29,28,27,26,25,24,23,22,21,20,19,18,17,16,15,14,13,12,11,10,9,8,7,6,5,4,3,2,1
"395",1,1,0,0,0,0,1,1,1,1,1,1,1,0,0,0,0,0,0,0,1,0,1,0,0,0,0,0,1,1,0,1,32,31,30,29,28,27,26,25,24,23,22,21,20,19,18,17,16,15,14,13,12,11,10,9,8,7,6,5,4,3,2,1
"396",1,1,1,0,1,1,1,0,0,0,0,1,1,0,0,0,1,1,0,0,0,0,1,1,1,1,1,0,1,1,0,0,32,31,30,29,28,27,26,25,24,23,22,21,20,19,18,17,16,15,14,13,12,11,10,9,8,7,6,5,4,3,2,1
"397",0,1,0,0,0,0,0,0,1,0,1,1,0,0,1,1,1,1,1,0,1,1,0,1,1,0,0,0,1,0,1,0,1,2,3,4,7,6,5,8,9,10,13,11,12,20,14,17,32,15,16,30,21,23,27,19,18,31,22,25,24,28,29,26
"398",1,1,0,0,1,0,0,1,1,0,1,1,1,1,1,1,0,1,1,1,0,0,1,0,1,1,0,0,1,1,0,1,32,31,30,29,28,27,26,25,24,23,22,21,20,19,18,17,16,15,14,13,12,11,10,9,8,7,6,5,4,3,2,1
"399",0,0,1,0,0,0,0,1,1,0,1,0,0,1,0,1,1,0,0,0,1,1,1,0,0,0,1,1,0,1,0,1,1,3,2,4,5,6,7,9,13,10,11,8,21,12,28,24,32,29,31,16,15,18,27,14,30,19,17,23,22,25,26,20
"400",0,0,0,0,0,1,0,0,0,1,0,1,0,0,1,1,1,0,0,1,0,0,1,0,1,0,0,1,0,1,1,0,1,2,3,6,5,4,8,7,11,10,31,9,12,13,32,29,30,28,14,22,24,26,15,27,18,25,16,19,20,17,23,21
"401",0,1,1,0,1,0,0,0,0,1,1,0,1,0,1,1,0,1,0,1,0,1,0,1,1,1,0,1,1,0,0,0,2,1,3,4,7,5,6,8,9,11,10,12,15,14,13,27,31,32,28,30,20,24,29,16,18,25,17,19,23,22,26,21
"402",0,1,0,0,0,0,1,1,1,0,1,1,0,0,1,1,0,1,0,0,1,0,0,1,1,1,1,0,1,0,1,1,2,1,4,3,5,11,8,6,7,10,9,17,32,16,14,21,28,12,13,15,18,24,19,22,27,31,26,30,23,20,25,29
"403",1,1,0,1,0,1,1,0,1,1,1,0,1,0,0,1,0,0,0,0,0,1,1,1,0,0,1,1,0,1,0,0,32,31,30,29,28,27,26,25,24,23,22,21,20,19,18,17,16,15,14,13,12,11,10,9,8,7,6,5,4,3,2,1
"404",0,1,0,0,0,1,1,0,0,0,1,0,0,0,0,0,0,1,0,0,0,1,0,1,0,1,0,1,0,0,0,1,2,1,3,5,4,11,7,6,10,8,12,9,32,28,27,31,26,30,29,13,24,15,22,16,14,23,25,21,20,17,18,19
"405",0,1,1,1,1,0,0,0,0,1,0,0,0,1,1,1,0,0,1,0,0,1,0,0,1,1,0,0,1,1,0,0,1,2,3,4,5,10,6,7,8,9,32,11,17,23,15,12,31,30,16,13,14,29,24,18,21,20,22,19,27,26,25,28
"406",0,0,1,0,0,1,1,0,0,0,1,0,1,1,1,1,0,1,0,0,1,0,1,0,1,0,1,1,0,1,0,1,2,1,3,4,5,6,14,9,10,7,11,12,8,21,13,26,32,15,16,31,28,25,17,30,29,23,27,19,24,22,20,18
"407",1,1,0,1,1,1,0,1,0,1,1,1,1,1,1,1,0,1,1,1,1,0,0,1,1,1,1,0,1,0,0,0,32,31,30,29,28,27,26,25,24,23,22,21,20,19,18,17,16,15,14,13,12,11,10,9,8,7,6,5,4,3,2,1
"408",1,0,1,0,0,0,1,0,0,1,0,1,0,1,1,0,1,0,1,1,1,1,0,1,1,1,0,1,0,0,1,1,1,2,3,5,4,7,6,8,10,11,32,9,12,15,14,29,13,16,27,31,30,19,17,24,18,26,28,23,21,22,25,20
"409",1,0,1,1,0,0,0,0,1,1,1,1,0,1,1,0,0,0,0,1,0,0,0,0,0,1,0,1,1,1,1,0,1,2,3,4,6,5,8,7,9,11,10,15,13,30,32,29,12,31,16,18,14,28,17,25,26,27,21,22,20,19,24,23
"410",1,1,1,1,1,1,1,0,0,0,1,1,0,0,0,0,0,1,0,1,1,1,0,1,1,0,1,0,1,0,0,0,32,31,30,29,28,27,26,25,24,23,22,21,20,19,18,17,16,15,14,13,12,11,10,9,8,7,6,5,4,3,2,1
"411",1,1,1,0,1,0,0,1,0,1,0,0,0,0,1,1,0,0,1,0,1,0,1,0,0,0,1,1,0,1,0,1,32,31,30,29,28,27,26,25,24,23,22,21,20,19,18,17,16,15,14,13,12,11,10,9,8,7,6,5,4,3,2,1
"412",0,1,0,1,1,0,1,0,1,0,0,0,1,0,0,1,0,1,1,0,0,1,0,0,0,1,1,0,0,0,1,1,2,1,3,4,5,6,7,8,10,9,31,32,11,12,26,28,20,15,29,30,14,13,17,16,18,23,21,19,27,24,25,22
"413",1,0,1,1,0,0,0,0,0,0,1,0,0,0,1,1,0,1,1,1,1,1,1,0,1,0,0,0,1,0,0,0,1,2,3,4,5,7,6,8,12,9,10,32,29,31,26,11,30,13,22,17,14,19,21,28,24,27,15,23,16,20,18,25
"414",0,0,0,1,1,0,0,0,1,1,1,1,0,0,0,1,0,1,0,0,1,0,0,0,0,0,0,0,1,0,0,1,1,2,3,4,6,5,7,9,10,8,11,15,12,32,30,27,31,29,17,13,14,25,16,28,26,22,18,24,19,20,23,21
"415",0,1,0,0,1,0,0,0,1,1,1,0,1,1,1,0,1,1,0,1,0,0,0,0,0,1,1,0,0,1,0,1,1,2,4,3,5,6,7,10,11,9,8,32,16,17,29,12,31,13,15,14,27,30,18,19,28,20,24,21,25,22,23,26
"416",1,0,1,1,0,1,1,1,0,0,1,1,0,1,0,1,0,1,0,0,0,1,1,0,1,0,0,1,1,0,1,0,1,2,3,5,4,8,6,10,11,12,7,9,20,13,15,18,14,32,16,19,17,23,31,26,30,29,25,22,27,21,28,24
"417",1,0,0,0,1,0,0,1,1,0,1,0,1,0,1,0,0,0,0,1,0,1,0,1,0,0,1,1,0,0,1,0,1,2,4,3,6,5,10,7,8,9,14,12,11,15,32,13,30,31,26,16,27,29,25,24,28,23,20,21,17,18,22,19
"418",1,1,0,0,0,0,0,0,1,0,1,1,0,0,1,1,0,0,1,1,0,1,1,1,1,1,1,1,0,0,0,0,32,31,30,29,28,27,26,25,24,23,22,21,20,19,18,17,16,15,14,13,12,11,10,9,8,7,6,5,4,3,2,1
"419",1,1,0,1,1,0,0,0,0,1,0,0,1,1,0,1,1,1,0,0,1,0,1,1,1,0,1,1,0,1,0,1,32,31,30,29,28,27,26,25,24,23,22,21,20,19,18,17,16,15,14,13,12,11,10,9,8,7,6,5,4,3,2,1
"420",0,1,1,0,0,0,0,1,1,1,0,1,1,1,0,1,1,0,1,1,0,1,0,0,1,1,0,1,0,0,1,1,1,2,3,4,5,6,7,9,12,14,8,11,10,32,31,29,22,17,15,16,13,30,21,19,25,28,27,24,18,23,20,26
"421",0,1,0,1,0,1,0,0,1,1,1,0,0,0,1,0,0,0,1,1,0,0,1,1,1,0,1,1,0,0,0,1,1,2,4,3,7,5,6,8,9,10,11,32,14,31,13,15,12,19,16,17,18,21,23,20,22,26,30,25,29,24,27,28
"422",1,0,0,1,0,0,0,0,0,0,0,1,1,1,0,1,1,1,1,0,0,0,0,0,1,0,0,0,0,0,1,0,1,2,3,4,5,10,7,6,11,8,9,12,29,13,15,14,31,32,20,30,17,16,25,18,19,23,21,22,28,27,26,24
"423",1,0,1,0,1,0,1,0,0,1,0,1,1,1,1,0,0,1,1,0,1,1,0,1,0,0,1,0,0,0,1,1,1,2,4,3,5,6,12,8,9,10,7,15,11,14,18,28,13,31,20,17,32,16,27,19,25,30,29,21,26,22,23,24
"424",1,1,0,1,1,0,1,1,0,0,0,1,1,0,0,1,0,0,1,1,0,1,1,1,1,0,0,0,0,1,0,0,32,31,30,29,28,27,26,25,24,23,22,21,20,19,18,17,16,15,14,13,12,11,10,9,8,7,6,5,4,3,2,1
"425",0,1,1,1,1,0,0,0,0,1,0,0,0,1,0,1,0,0,1,0,1,1,1,1,1,1,1,0,0,1,1,0,1,2,3,4,6,5,7,32,9,8,10,11,30,28,12,14,31,29,19,17,13,15,20,23,21,18,26,22,16,24,27,25
"426",1,0,1,0,1,0,1,0,1,1,0,1,0,0,1,1,0,0,0,1,0,0,1,0,0,0,0,1,1,1,1,1,1,2,3,4,5,6,7,8,11,9,15,10,32,19,13,12,14,17,18,31,16,27,30,20,26,29,24,23,28,22,21,25
"427",0,1,1,0,1,1,1,0,0,1,0,1,0,0,0,1,1,1,0,1,0,1,0,0,0,0,0,0,0,1,1,0,1,2,3,4,5,6,8,13,17,7,10,9,11,15,31,12,30,32,14,16,22,20,24,18,29,19,28,23,25,27,21,26
"428",0,0,1,0,1,1,1,0,0,1,0,1,1,1,1,0,1,1,1,0,1,1,0,1,0,1,1,1,0,1,1,1,1,2,3,5,4,8,6,7,32,9,11,10,31,12,13,21,24,14,17,15,28,30,29,16,20,18,22,19,25,23,27,26
"429",1,0,1,1,1,0,1,1,1,1,1,1,0,0,0,1,0,1,0,1,0,0,0,0,0,0,0,1,1,0,1,1,1,2,3,5,4,10,6,7,9,11,8,13,18,14,15,12,30,16,19,31,17,29,22,25,28,20,32,26,21,23,27,24
"430",0,0,1,0,0,0,1,0,1,0,1,1,1,1,1,1,0,0,1,0,1,1,0,0,1,0,0,0,1,1,1,1,1,3,2,4,7,6,5,8,13,11,12,10,14,9,32,31,15,26,28,29,25,16,30,21,24,20,17,27,23,19,18,22
"431",0,0,1,0,1,1,0,1,0,0,0,0,0,0,1,1,1,0,0,0,1,0,0,1,0,0,0,0,1,0,1,0,1,2,3,4,6,5,11,7,8,9,14,13,17,10,32,16,12,30,15,21,18,31,29,27,26,20,19,28,22,23,25,24
"432",0,0,0,0,1,1,1,1,0,0,1,1,0,1,1,1,1,1,0,1,1,0,0,1,1,0,0,0,0,1,0,0,1,2,4,3,8,5,6,10,7,9,30,11,12,25,14,31,16,29,32,13,23,15,27,28,22,17,26,18,19,20,24,21
"433",1,0,0,0,0,0,1,1,1,1,1,0,1,0,0,0,1,1,1,0,0,1,0,1,0,1,0,1,1,1,0,1,1,2,3,4,6,5,32,7,30,27,9,8,31,10,23,11,14,12,29,16,13,15,20,26,17,28,24,21,25,22,18,19
"434",0,0,0,0,1,1,1,0,1,0,1,1,0,1,1,1,0,1,1,0,0,1,0,1,0,1,0,0,0,1,1,1,1,2,3,4,6,5,7,9,8,11,10,32,13,12,15,22,14,17,31,30,26,16,25,27,21,18,23,20,29,24,28,19
"435",1,1,0,0,0,0,1,0,0,0,0,1,0,0,0,0,0,1,0,0,0,1,0,0,1,1,0,1,0,1,0,0,32,31,30,29,28,27,26,25,24,23,22,21,20,19,18,17,16,15,14,13,12,11,10,9,8,7,6,5,4,3,2,1
"436",1,0,1,1,0,0,1,1,0,0,1,1,0,1,0,0,0,0,1,0,0,1,0,1,0,0,0,1,1,1,1,0,1,2,3,4,5,6,8,7,10,12,9,11,16,31,30,15,32,17,22,13,14,19,28,21,29,26,24,18,20,23,25,27
"437",0,0,0,1,0,0,1,0,0,0,1,1,0,1,1,0,1,0,0,1,1,0,0,0,1,1,1,1,1,1,0,0,1,3,2,5,4,8,7,14,6,13,11,31,32,9,12,18,10,28,30,15,16,23,25,20,29,27,22,21,26,24,17,19
"438",0,0,1,1,0,0,0,1,1,0,0,0,1,0,0,0,1,0,0,0,1,0,0,1,0,0,1,0,1,1,0,1,1,2,3,6,4,5,7,8,11,31,16,9,10,29,12,32,27,23,13,18,25,15,14,30,26,21,28,24,17,20,19,22
"439",0,0,0,0,0,0,1,1,1,0,0,0,0,1,1,1,1,1,0,0,1,1,0,1,0,1,0,1,0,0,0,1,1,2,4,3,6,5,7,9,11,32,8,10,13,31,12,27,29,14,26,25,23,30,28,20,19,18,16,17,22,21,24,15
"440",0,1,0,1,1,0,0,0,0,0,1,1,1,0,0,1,0,1,0,1,1,0,0,0,0,0,1,1,0,1,1,0,2,1,3,5,4,7,6,8,32,13,9,11,16,10,12,31,17,15,14,18,30,28,19,20,22,29,27,23,25,24,26,21
"441",0,0,1,1,1,1,1,1,0,0,1,0,1,0,0,0,0,0,0,1,1,1,0,0,1,0,1,1,0,1,1,0,1,2,4,3,8,5,13,7,6,12,11,9,29,10,27,31,30,32,24,16,15,17,14,21,26,18,20,19,22,23,28,25
"442",0,1,0,0,0,0,0,0,0,1,1,1,0,0,0,1,1,1,1,1,1,1,0,0,1,1,0,1,1,0,1,0,1,2,3,4,6,7,5,32,9,8,11,15,10,30,23,12,22,19,16,26,13,20,29,31,25,14,27,24,17,18,28,21
"443",0,1,0,1,1,1,1,1,0,0,0,1,1,0,1,0,0,0,1,1,1,0,0,1,0,1,1,0,1,1,0,0,1,2,3,7,4,31,5,6,9,8,14,32,10,18,16,30,11,12,13,20,29,15,26,22,27,28,25,21,23,24,19,17
"444",1,0,1,0,1,1,1,1,1,1,1,0,0,1,0,1,0,0,1,0,0,0,0,1,0,0,1,0,1,1,1,1,1,2,3,4,5,6,7,32,8,9,16,15,10,11,13,12,28,14,31,18,30,20,23,26,17,24,21,29,19,25,22,27
"445",1,0,0,1,1,1,0,0,1,0,0,0,0,0,1,0,0,1,0,1,0,0,1,0,1,0,0,1,0,0,0,1,1,3,2,4,5,7,9,8,6,11,32,12,10,30,31,19,14,17,29,27,16,28,24,18,15,13,23,21,25,26,20,22
"446",0,1,0,0,1,0,0,1,0,0,1,0,1,1,1,1,0,1,0,1,1,1,1,0,1,0,1,0,1,1,1,0,1,2,3,5,4,6,9,8,7,11,16,14,13,12,10,18,17,15,32,31,28,20,25,23,26,19,22,21,24,29,30,27
"447",1,0,0,1,0,0,1,0,0,0,1,0,1,0,0,0,0,0,1,1,1,1,0,0,0,1,0,0,1,1,1,1,1,2,4,3,6,5,32,8,7,10,12,14,11,9,13,19,31,28,15,17,16,29,21,25,18,20,22,30,26,23,27,24
"448",1,0,0,0,1,1,0,0,0,1,0,0,1,0,1,1,0,1,1,1,0,0,0,0,0,0,1,1,0,0,1,0,1,2,3,5,4,6,15,7,8,10,9,11,13,28,12,32,14,29,16,27,17,31,30,25,23,21,24,19,18,22,26,20
"449",0,0,0,1,1,0,0,1,0,1,1,1,1,0,0,0,0,1,1,1,1,0,0,1,1,0,0,1,0,1,0,0,1,2,4,3,5,6,8,7,9,11,10,21,25,31,19,13,27,12,26,14,17,32,15,16,18,20,24,30,28,29,22,23
"450",1,1,1,0,1,0,0,0,0,1,1,1,1,1,1,0,0,0,0,0,0,0,0,0,0,0,0,0,0,1,1,0,32,31,30,29,28,27,26,25,24,23,22,21,20,19,18,17,16,15,14,13,12,11,10,9,8,7,6,5,4,3,2,1
"451",1,1,0,0,1,0,0,0,1,0,0,0,1,1,1,1,1,0,0,0,1,0,1,0,1,1,1,1,0,1,0,1,32,31,30,29,28,27,26,25,24,23,22,21,20,19,18,17,16,15,14,13,12,11,10,9,8,7,6,5,4,3,2,1
"452",1,0,0,0,1,1,0,1,1,1,0,0,1,1,0,1,1,0,1,1,0,0,0,0,0,1,1,0,0,1,0,0,1,2,3,5,4,17,7,6,14,8,9,10,11,12,16,13,15,22,23,32,19,29,31,30,28,18,27,26,21,24,20,25
"453",0,0,0,1,1,0,1,1,0,1,1,0,1,0,0,0,0,0,0,0,0,0,1,1,1,1,1,0,1,0,1,1,1,2,3,4,7,5,8,6,9,11,10,12,16,25,19,13,15,14,17,22,20,18,32,21,29,24,26,23,30,31,27,28
"454",1,0,1,0,1,1,1,0,1,0,1,1,0,0,1,1,0,0,1,0,1,1,0,1,1,1,0,1,0,0,0,0,1,2,3,4,5,6,13,32,9,8,10,11,7,12,29,14,31,30,16,18,15,24,17,21,27,28,20,25,26,19,23,22
"455",0,0,0,0,1,1,1,0,0,0,1,0,0,0,0,0,1,1,0,1,1,0,1,0,1,0,0,1,1,0,0,0,1,2,3,5,4,6,8,7,9,11,13,12,10,16,18,15,32,28,22,14,21,20,17,19,31,26,30,23,25,29,24,27
"456",1,0,1,1,0,1,0,1,0,0,0,1,0,0,1,0,0,0,1,1,1,1,0,1,1,0,1,1,0,0,1,0,1,2,3,5,6,4,10,7,8,9,11,12,32,14,13,17,15,16,28,29,18,27,31,20,19,21,30,24,22,26,23,25
"457",1,1,0,1,1,0,1,1,0,1,1,0,0,1,0,1,0,0,0,0,0,1,1,0,1,1,0,0,0,1,0,1,32,31,30,29,28,27,26,25,24,23,22,21,20,19,18,17,16,15,14,13,12,11,10,9,8,7,6,5,4,3,2,1
"458",0,0,1,1,0,1,0,1,1,1,1,1,1,0,1,1,1,0,0,1,0,1,0,0,0,1,1,1,0,0,0,0,1,2,3,6,5,7,4,8,9,13,11,10,26,12,14,32,23,28,31,25,30,29,15,27,24,20,18,16,22,17,21,19
"459",0,1,1,1,0,0,0,1,0,1,0,1,0,1,0,0,1,1,0,0,1,1,0,0,1,1,1,1,0,0,1,0,1,2,3,5,4,6,10,7,8,11,9,12,17,13,32,14,22,18,15,16,31,19,21,23,29,30,20,28,25,27,26,24
"460",0,0,0,0,0,1,1,0,1,1,0,1,0,0,1,1,0,1,0,0,1,1,1,0,0,1,0,0,0,0,0,1,1,2,4,3,5,6,7,9,8,10,11,31,13,14,12,16,17,18,32,15,30,23,24,27,19,26,21,22,20,25,28,29
"461",1,1,0,1,0,1,1,1,1,1,0,1,1,0,1,1,1,0,0,0,0,1,0,1,1,0,1,0,0,1,1,1,32,31,30,29,28,27,26,25,24,23,22,21,20,19,18,17,16,15,14,13,12,11,10,9,8,7,6,5,4,3,2,1
"462",0,0,1,0,1,0,1,0,1,0,1,0,1,1,0,0,1,0,0,1,0,1,0,0,1,1,1,1,0,1,0,1,1,2,4,5,3,7,6,9,8,11,10,32,13,24,12,16,26,27,14,30,31,17,28,29,22,15,19,20,21,25,23,18
"463",1,1,1,1,0,1,1,0,0,0,0,1,1,1,0,1,0,1,0,0,1,0,0,0,1,1,1,0,1,1,1,0,32,31,30,29,28,27,26,25,24,23,22,21,20,19,18,17,16,15,14,13,12,11,10,9,8,7,6,5,4,3,2,1
"464",0,1,1,0,1,0,0,1,1,0,1,1,0,1,1,1,0,1,0,0,1,0,1,1,0,1,0,0,0,0,1,1,1,2,3,5,6,4,9,7,10,8,11,12,15,18,14,27,32,13,24,29,17,31,28,22,20,19,16,30,23,21,26,25
"465",1,1,0,0,0,0,0,1,1,1,0,1,1,0,1,1,0,1,1,1,0,1,0,1,0,0,1,0,0,1,0,1,32,31,30,29,28,27,26,25,24,23,22,21,20,19,18,17,16,15,14,13,12,11,10,9,8,7,6,5,4,3,2,1
"466",1,0,0,1,1,0,1,0,1,0,0,1,1,0,0,1,0,0,1,1,1,0,0,0,0,0,1,1,0,0,0,1,1,2,3,4,5,6,8,7,11,9,10,31,19,30,12,32,29,14,27,13,24,17,15,21,20,18,28,25,26,16,23,22
"467",1,0,0,1,0,0,0,0,1,0,0,1,1,0,1,1,1,0,0,1,0,0,0,1,1,1,1,0,1,1,0,1,1,3,2,4,7,5,6,9,8,32,10,11,12,14,18,16,17,31,22,13,15,30,25,29,28,26,21,19,20,27,23,24
"468",0,0,1,1,0,1,0,1,1,0,1,0,1,1,0,0,1,0,1,0,0,0,1,0,0,1,0,1,0,1,1,1,1,2,3,4,6,5,32,7,9,12,8,11,30,31,23,10,16,21,24,29,20,27,25,28,22,14,26,13,17,15,18,19
"469",0,0,1,0,1,0,0,0,1,1,1,1,1,0,1,0,1,0,1,0,1,0,1,1,1,0,0,0,1,0,0,0,2,1,3,5,4,6,7,9,8,11,10,12,31,17,15,13,18,16,14,32,30,19,21,24,22,20,26,27,23,25,29,28
"470",0,1,1,0,1,0,0,1,0,0,0,1,1,1,0,1,0,1,0,0,1,1,0,1,0,0,1,0,1,1,0,1,1,2,3,6,4,7,5,8,9,28,30,12,10,13,31,17,11,16,14,32,18,26,15,29,22,24,27,25,20,21,23,19
"471",1,0,0,1,1,1,0,0,1,0,0,1,1,0,0,1,0,1,0,0,0,0,1,0,1,1,1,1,1,1,0,1,1,2,3,4,5,7,6,8,10,31,16,11,9,30,17,12,22,18,13,14,15,32,24,29,28,27,19,26,20,23,25,21
"472",0,1,0,0,0,1,1,0,1,1,1,0,0,0,0,0,0,0,0,1,0,0,1,0,1,1,0,1,0,1,0,0,1,2,3,4,7,5,6,9,8,10,31,12,32,26,29,27,16,25,11,30,28,13,15,14,19,20,17,23,24,18,21,22
"473",1,0,0,1,0,1,1,1,1,0,0,1,0,1,1,0,1,0,1,1,1,1,0,0,0,0,1,1,1,0,0,1,1,2,4,3,5,7,6,9,32,31,16,8,12,11,14,10,15,13,17,30,29,25,20,28,26,27,19,24,21,18,23,22
"474",0,1,0,1,0,1,1,0,1,0,0,0,0,0,1,0,0,0,1,0,1,1,1,1,0,0,1,0,0,1,0,0,2,1,3,4,6,7,5,8,10,31,12,32,9,11,28,29,30,20,16,13,26,15,18,27,17,23,14,21,24,22,19,25
"475",1,0,1,1,0,1,0,0,0,1,0,0,1,0,0,0,1,1,1,0,0,1,1,1,0,0,0,0,1,1,1,1,1,2,3,4,5,6,10,7,32,8,9,12,25,13,11,29,17,14,15,16,31,20,30,19,22,18,28,26,23,24,27,21
"476",0,1,1,1,1,1,0,0,0,1,1,1,0,0,1,0,1,1,0,0,0,1,0,1,0,0,0,1,0,1,1,0,1,2,3,4,5,6,7,8,32,9,12,13,14,10,11,31,15,16,28,20,30,17,29,18,19,26,21,24,22,27,23,25
"477",1,0,1,1,0,1,0,0,1,1,0,0,1,0,0,1,1,1,1,0,1,0,0,1,0,1,1,0,0,1,1,0,1,2,3,6,4,9,5,15,7,10,8,17,11,12,28,31,13,32,14,29,18,30,27,16,19,21,26,22,23,24,20,25
"478",0,0,0,1,0,0,1,1,1,1,0,1,0,1,0,0,0,1,1,1,1,0,1,0,1,1,0,0,1,1,1,0,1,3,2,5,7,6,4,8,16,9,10,12,11,14,13,15,32,23,31,17,21,20,19,18,26,22,30,27,28,24,25,29
"479",0,0,0,0,0,0,0,0,1,0,0,1,0,1,0,1,1,1,1,0,0,1,0,0,0,0,1,0,1,1,0,1,1,2,4,3,5,7,6,8,15,11,9,31,16,10,13,12,14,32,17,30,22,28,29,18,19,20,24,26,25,27,23,21
"480",1,0,1,1,1,1,0,1,1,1,1,0,0,0,0,1,0,0,0,0,0,1,0,1,1,0,0,1,1,1,1,1,1,2,3,5,4,6,8,7,13,9,11,10,12,15,18,14,32,16,29,25,31,20,17,22,19,21,24,27,30,26,23,28
"481",1,1,0,0,1,1,1,0,0,1,0,1,0,1,1,1,1,1,1,0,1,0,0,1,1,1,0,0,1,0,1,1,32,31,30,29,28,27,26,25,24,23,22,21,20,19,18,17,16,15,14,13,12,11,10,9,8,7,6,5,4,3,2,1
"482",0,1,0,0,1,1,1,1,1,1,1,1,1,0,1,1,0,1,0,1,1,1,0,0,0,1,0,1,0,1,0,0,1,3,2,5,4,6,8,7,11,17,16,12,9,10,15,31,32,27,13,23,24,29,28,30,14,20,21,25,26,18,19,22
"483",0,0,0,0,0,0,0,1,1,1,0,1,0,0,1,1,0,0,0,1,1,0,0,1,1,1,0,0,1,1,1,0,1,2,3,4,6,9,8,7,5,11,10,22,12,16,14,15,13,20,18,30,17,32,19,26,31,23,29,27,21,24,25,28
"484",0,0,0,1,0,0,0,0,1,0,1,1,1,1,1,1,1,1,1,1,1,0,0,1,0,0,1,0,0,1,0,0,1,2,3,4,5,6,7,11,12,9,8,10,13,32,17,31,14,15,29,18,30,28,16,27,22,24,26,20,19,25,23,21
"485",0,0,1,1,1,0,0,0,0,1,1,0,1,0,1,1,0,1,1,1,0,1,1,1,1,1,1,0,0,1,1,0,2,1,3,4,6,5,7,8,10,15,28,9,13,32,11,12,14,22,29,16,21,31,30,24,27,17,23,18,20,19,25,26
"486",1,1,1,0,0,1,0,0,0,1,0,1,0,0,1,0,0,1,1,0,0,1,1,0,1,1,0,0,1,1,0,1,32,31,30,29,28,27,26,25,24,23,22,21,20,19,18,17,16,15,14,13,12,11,10,9,8,7,6,5,4,3,2,1
"487",0,0,0,0,0,0,1,1,0,1,0,0,0,1,1,1,1,0,0,1,1,0,1,1,0,1,0,0,0,0,1,1,1,2,4,3,17,7,6,15,5,8,18,10,9,14,11,12,13,31,32,29,22,16,30,28,23,19,26,24,21,25,27,20
"488",1,0,1,0,1,1,1,0,0,1,0,0,1,0,1,0,1,0,1,0,0,0,0,1,0,1,0,0,0,0,0,0,1,2,3,4,5,6,7,9,8,10,11,12,32,15,14,13,21,31,16,18,19,27,24,30,23,20,17,26,28,29,25,22
"489",0,0,0,0,1,1,0,1,0,1,0,1,1,0,1,0,1,0,0,0,1,1,0,0,1,0,1,0,0,0,1,0,1,2,3,5,4,15,6,7,9,8,13,10,16,32,31,11,14,30,12,28,18,29,20,17,26,19,24,22,27,21,23,25
"490",0,1,1,0,0,0,0,1,0,1,1,1,1,0,0,0,1,0,1,1,1,0,1,1,1,0,1,0,0,0,0,0,1,2,3,4,6,7,8,19,5,9,10,31,14,32,11,12,20,13,16,30,15,21,17,18,28,22,29,24,26,27,25,23
"491",0,0,1,0,1,1,0,0,1,0,0,0,0,0,1,0,0,0,1,0,1,0,1,0,1,0,0,1,0,1,1,0,1,2,3,5,4,6,10,8,9,7,31,13,29,12,14,32,18,11,17,28,15,19,30,20,16,26,27,22,21,25,24,23
"492",0,1,1,0,0,1,0,1,0,0,1,0,1,1,1,1,0,0,1,1,0,1,1,0,1,1,1,1,1,1,0,1,1,3,2,4,5,7,8,6,12,29,9,31,11,17,10,14,27,32,23,19,30,15,16,13,28,25,22,24,18,21,20,26
"493",1,0,0,0,0,1,1,1,0,0,1,1,0,0,0,1,1,1,0,1,0,1,0,1,0,1,0,0,0,0,1,1,1,2,3,4,7,6,5,32,9,8,10,17,30,29,31,12,11,14,23,28,18,24,13,16,26,27,15,21,20,19,22,25
"494",0,0,0,0,1,0,0,0,1,0,1,1,1,1,1,0,0,1,0,1,0,1,0,1,0,0,1,1,1,0,0,0,1,2,3,4,5,6,9,7,10,11,8,31,12,13,32,14,21,15,19,30,16,24,18,17,29,23,28,20,27,22,25,26
"495",0,0,0,1,1,0,0,0,1,0,1,1,0,0,1,1,0,1,1,0,1,1,0,1,0,1,0,1,1,1,0,1,1,2,5,4,3,6,7,8,30,32,9,29,13,10,11,31,12,28,16,15,14,21,23,17,27,18,22,19,24,25,26,20
"496",1,1,0,0,1,1,0,1,0,0,1,1,0,0,1,1,1,0,0,0,1,0,0,1,0,0,0,0,0,1,0,0,32,31,30,29,28,27,26,25,24,23,22,21,20,19,18,17,16,15,14,13,12,11,10,9,8,7,6,5,4,3,2,1
"497",1,1,1,1,0,1,1,0,0,1,0,0,0,0,0,1,1,0,1,0,0,0,1,1,1,0,1,1,1,0,1,0,32,31,30,29,28,27,26,25,24,23,22,21,20,19,18,17,16,15,14,13,12,11,10,9,8,7,6,5,4,3,2,1
"498",0,0,1,0,1,0,1,0,1,1,0,0,1,1,0,0,0,0,0,1,1,1,1,1,1,1,0,0,0,0,0,1,2,1,3,4,5,7,6,29,8,15,17,11,9,10,12,31,14,24,13,32,30,25,26,23,28,16,20,27,18,21,22,19
"499",0,1,1,1,0,0,0,1,1,1,1,0,1,0,0,0,1,0,1,1,0,1,1,0,0,0,1,0,0,1,1,0,1,3,2,5,4,11,7,10,8,6,14,9,18,12,15,13,31,17,16,32,19,27,30,22,23,24,26,28,25,29,20,21
"500",0,0,0,1,0,0,0,0,1,0,0,1,1,1,0,0,0,1,0,0,0,1,0,0,0,1,1,1,1,0,1,1,2,1,3,4,5,7,8,10,6,11,9,32,12,15,31,14,17,13,18,24,16,20,27,28,30,29,21,25,19,22,23,26
